P1_ID,P1_Gender,P1_Chromosome_1,P1_Chromosome_2,P1_Chromosome_3,P1_Chromosome_4,P1_Chromosome_5,P1_Chromosome_6,P1_Chromosome_7,P1_Chromosome_8,P1_Chromosome_9,P1_Chromosome_10,P1_Chromosome_11,P1_Chromosome_12,P1_Chromosome_13,P1_Chromosome_14,P1_Chromosome_15,P1_Chromosome_16,P1_Chromosome_17,P1_Chromosome_18,P1_Chromosome_19,P1_Chromosome_20,P1_Chromosome_21,P1_Chromosome_22,P1_Chromosome_X,P1_Chromosome_Y,P2_ID,P2_Gender,P2_Chromosome_1,P2_Chromosome_2,P2_Chromosome_3,P2_Chromosome_4,P2_Chromosome_5,P2_Chromosome_6,P2_Chromosome_7,P2_Chromosome_8,P2_Chromosome_9,P2_Chromosome_10,P2_Chromosome_11,P2_Chromosome_12,P2_Chromosome_13,P2_Chromosome_14,P2_Chromosome_15,P2_Chromosome_16,P2_Chromosome_17,P2_Chromosome_18,P2_Chromosome_19,P2_Chromosome_20,P2_Chromosome_21,P2_Chromosome_22,P2_Chromosome_X,P2_Chromosome_Y,Child_ID,Child_Gender,Child_Chromosome_1,Child_Chromosome_2,Child_Chromosome_3,Child_Chromosome_4,Child_Chromosome_5,Child_Chromosome_6,Child_Chromosome_7,Child_Chromosome_8,Child_Chromosome_9,Child_Chromosome_10,Child_Chromosome_11,Child_Chromosome_12,Child_Chromosome_13,Child_Chromosome_14,Child_Chromosome_15,Child_Chromosome_16,Child_Chromosome_17,Child_Chromosome_18,Child_Chromosome_19,Child_Chromosome_20,Child_Chromosome_21,Child_Chromosome_22,Child_Chromosome_X,Child_Chromosome_Y
ab8eeb96-a583-4780-ba5a-987d1ca0b573,F,TATGTGCGCCTGGATATCGCGTCCTCCACTATCCTCATATAAGGCGATGCTACAGTGCTTTGCCCAGGTCCTACGCCGGTTTGGGCAGATAGTAGGAGGTCATTAGTGAGGGGTCTAGGTCGTACCGTGGGGTAGAATTAATCATAGGTGGCTTATTGATTCGTACCGCTACATGGATGAATCTACGTAGGGCTGTTCCACAGAGCGGCGTCGCGATTTACCTAGCAATGGACTTCGATCCATTGTACCCGGCGGTAGACTGGTCTACGTGCATTTGGGCAGTTGGCTGCCGACTTCAAGTGGAGTGCCCACCCTACTGTTCAACCCGTGACTTCATACCCCCCAAGCATTTCGTTCCTGGCATCTCGTTCTACTCGGTAGTGTGCTGAAGGGGCTTCAAGACAATTTCGCACGAGCTGTCATTAATGACATTCGCCGAGCCAAGAGATTGTATGAACGTGGCCGGACTTTGTGTGGAAGAATGATCAGCACTGCATACAAGGTCAGCCGAACAAATTAGGACAGGAATTAACACGACTCGCGGTGTTACTGGTGTGCTGACCGCACCGCCCTACGAGAGAATAGATCCAATCCCACAGGAGTCTTGTTGGCTAGCGTTCGCAAGGAGCTCTTAAGTGGTGTACAAGGGCTACTTGCTAATCGATAGGCCAAAAGACATAAATGTAAATGGTCGCCAAGCCGCAATATTTTACCTCTGTTTGATGCCACCGCATTTTCATCAATAAAGTTCGCCCATCAGTTCGCAACTGCAATCAACTCCACTGTTCTACGCTGGGTGGTTTGCGTATGTGGCGCGTTGATCTTGCTACACCTACATGCTCACTGTTTGGACGCCCATATTAGGGGTTTACGACTACTCGCCTGTAATGGTGAGCGGCTCATGAGACTTTTAATCGTACCCATCACACATTTCCTATTCACCACTATGCTCGGCACATACAAGTGATACGCTTCGTTGTGAGTCGATATGGACCAGGAC,AACTCGTGAACTGTCGGTTCTGAGACCGGCAGTTTGCGCGGAGCGGATAATATACGTCTTAGATTGTTGTCTTTCGAACAACCGCCCCACTAGTCGCAAGGAGGATGGAGCTGCCATGACGCTCGATCGTGCCAGGAGAACTATGGAGGCCGCCCTGTGCCCACCCAAGTTGCTACGACATACCGACTTCATGCCCTACCTAAGAAATTGCTTTGCTGTCGTAGACAGCCATGATCAGTGTCAGGATCATCGAGGAGGGACTAACATTTTTTACCAAGTCTTCATTTGTTGCCGCAAGAACTCTAGAACTTAGCCGGCTAGTAGCGCGGAAGCCCGCCTCTACTTGTATCGGGTATCTGGTTATGCAACCCGGACTTTCACCTCGCAGATGGACCCAAGGGGAAATCATATCTGCTACACATTCAAACCTGAACCACCCAATCGCGGCTCTGGTAACAGGGATTAATTGAGTTCCAGAAGAAGCCCAGTTCATATCGGTTGAGGACCTCGAAAAGATAGCCTGGAGCTGGCCTCAGATCCGCAACACGCGGCATTAACCGAGTCCCAAGTGAACAGTCAAGATTACGCACAGATCAGCCCGCACCGGGAAAGCGATATTCATGCCCGCTACCCATTGTCGGTCGTATGTTAGAAACGTAACCGTAAGCCCTCAAAGATTTACCTGACTCGCAGAACTCGGATATGCGAAAGGCTTACTTGGACTCTGCATGCGCAGGACACCCAGCTGGTCACGGCGTCATGGGTGTTCGTTTATATTAGAAATTAGAAGGTACGCGGTGCGCGTGAACGCTTTACGATAGCTCAGGTTGAAGCCGGCGTGCCCCGCAGCAGTCCTCAACTGCACGACGACGAAAAATAAGCGCGCGTGTCTAGCCACTTATTGCCTCTGACCTACTCAGATCCACACGCCGACCGCTCATCCGGAGAGGGTCACGCCAGGGCACACTGGATGTTCTAGTACCCTGCCAGATGACCATCT,CCAGTCGAAGCGACTCGCTTCGATTAAGTTATACGCTAATTTCACTGACGACACCTGACATCACCCAGGACAGAGCGTTGACTCCCTGGGGCATGGTAGGGGGAGGATATTTATGAAGGAATAGTTGATGGCCCACCACGAAGTACCAAGTCTTTCAGGCGCAGCCGCACGACCCGAACCACCTTGGGCGTGGCGGCGAAATTAAATCTATATGGAGAACCCGGCAATTGACATATAATGAACAAACTACCAGGCCAGCCAAGGGCGCTGATCACACCAACTCCGGGTCCGCAAGCCATAAACCAGAGTCCTGGTAGGATCCTCCTTCAAATTAGTCAAACACAGTGGAGGGACTAAGTCGGTAGTGATGGACCGTTGAGTCTAGTAGTATAGTTCGTGCGGCTGGCCGCGTCCTTGCTACTTGACTTATAACTCTCGGAAAATACTGTGTTCTCTCCTGCCTTTCCATACAGGTTGTGGTTGTAAGTTCTTAAGACAGTGACAAGTCAACGCGTGTTAGACGTGATGGAGGGGACCAGAAAAACCGCGCTAGCTGCGGGCGTATGCGTCTGGGTACGACGAAACTCTCAGTCATATCGGTGCATCCAGGGATCGTACAGTGTATGCTCCCGCGCTATGATGGCCCCCCCGTCTGGGCGGTCTAGTCCCGGGCCTCAAAATACACGGAACTGGACAGCTGGGAAGTTTTAACAGAGCATAGCCTGCTGAGAAATTGTTACCCATGAAGTAGCTCCGCAACTCGGCGATTCTTATCGCATGATTCAGAAATAGTAGGTCCAATTCCTACCTGCTAGGACGCTGCATATATAAGCATTATTGGGATTCCAAAGCCGCAGCTTAACCAGCAACCGCTGCACGGCGCTTATGGGAGAGGGTTGGCCGTACGGTAACATAGGATACGAAGGATTGTAGATGGGTTCCCCCGGCTTAGCTTCTGAAGGCGGCTGGGCTTTTGTTTGGGTTTAACTTGGCGGAACCG,CGATATTGCTACCGTTCGATTCGAGTAGTAATTTTTCGGTCCCCAGTGCCGGCTAGGAGCTACGTGTGTAGAGCAGTAGACCGTCCATGGTAGTCCATACACTAGCAGGACTGATCATTCTGAATTCGTATCTTTGAAACTTTAAGCTACTGGCTGAGTCGTGAATGCGCAAACCCCTCAGCGTTAACTTGTATAATCTTAGGAACCATCTAAACCTCGTACAACTATGCTATTAACGCGCCCTTCGATGGGTACTAATGTCCAGTCCCCTGGGACAAGCTCCGGAAGGGGCTGAATCGCAGTCCGGCGCGTATTGGAGCCGATCCACTGCGGCCTGTGTCACTCACAGGGACCCGGTTGCCTTGGGATGCACGAGCGAAGCCATCCTTTGCAAACTACATGGAAACCCATCCTTCGGCCTCGCCGATAACGCGACACCATACCTCGGTCGCCAAGCCTACTTATGTGCGAAACGTGAGGCCTACCATCAGAATTCCCCGACTGTGCTATTGAATTCAGAACTCGTCCAACGAGGGATTAATAAGGATCAAAACTAATACGAGTTAAAACCAATACCCGAAGGATTAAAAGGCTGAGTGTTATTAAAGAAGCTACACCGTCTAGCAAGTGGGGCTCGAGCGGGAGCAGTTTAACTCCCACATCCTGGTGAAAGCCCCCGTGATGTGATCAGACCAGACGTACGCATAGCCGTGATACACAAACAACATGATGGCTTTCCTCAGCCATGTTGTCTCAGACTCGAAGATGTAGGGTGTAAAAGGTACAATTCGGGAACTCGCTACTTAGTGAGGTGCACGACGGGAAGGCTTCCCCAAATTTACGGCGCACGCGTTTTGCCGGTATTCGTTTACGCGCTAGTTTAAAGCGAGAGACTGCTCAAGTTATGTTGCTGCCGACTAGGGCGAGAATTGACATGAATTCACGTAGGTGGGTGTGGAAAACGTTGTCTATGCGAGGGTTATAATACATATCGTGAATA,TCGGTAGTGTGGTCCTTAGGTTAGGACCCATTTGTTGCGCAGGCGACTTAGGTTGGTCAGGCTGGGGGTTGCTCGTAGAAAGATTGAGTAGCTCGGAATTTCCGTGCTTTACTTGGCCTGTCCATAGGTGTGGCGATTTTTCATGAGGCAATAGCTCGGCTCGCTACACGTTCCCGAGTCACCGGTTCCTGTGAAGTCAATATCCCGCAGATTCGTTCAAGCCTGCTGCTCTGATCCCCGATTTCTCAATACCCCGCCGAGTGTGTTGTCAGCGTTCCCACATCCCAGCCCAATACCCTACCTTCAGGTCAACCTATGAACGGTCAATCAATCTAGGGATGGCGGGAAATGGATGATCTTCAATTACCGCTGGCTACAATCTCCTTCCCGCACGGGTCCACTCTTATCGAGGCGTCGTATCGGAGCAAGGGAACTTACTCGGAGAGCCCCAAGCAGGTTCGCGTGCTCGAGGGCTTCTGCTCTAGGCTCTCGACGGATAAGGCAGAACGAACCCGGTCCAGATTCAGTAATATATTTTGCGCAATGTTTCTAGGTCTTCCCTGACCGCTATTTGAGCGATAAGGTACGTGAGGAGATGTGCATGACTCCTGTTTTCCGGAATTATCCACTCCTTTAGATAGGATACGAACATCGCCCGACGAACGTGTACCGCACTACGCATAATAGGCGGGATGGCAGTTGTAGGAAGCCACGAAGCTTCTTCTAGAACGTTGGTCGACGAGAGAGAGCCAGTACTATTTGCGAAGTGGGGAAGAGTCAGCCATCAACTAACCCGTGGCCGGATCAGTGTACCTGGAATGAGAAAATATACGAACCAAACCTGTCTCACTCCGAGTTCTGTCCATCTACTGAATTCAAGTCGGGACAGAATATATACATCAAATTTAACATGTCATGGCCGATCCTTATTTGAGAAGGCGAAGTGGTAAGACTACGATAACTCGCAGTTTATCTTGCTTAATAGCGATCGTAGGTTGCG,TTAGCGCTAGGTTTCGTCGTTAACCACCTGGATCGGGTCTCATCTACAGAGATTCATGTAGGCCCTATCCTTGAATTTCGGCACATTGGGCTATATCGTTACATATTAGCATCCTGATAATAAGGCTTCACTTTTAACGAACCATGGTCGTAACCCACTATCAACTATTGCTCATTCTCTTGCGCGATAAACATAGGTCTTTCTCTCACCTGTTTTGGGGTTCCCAGGTGTCCGTTGCAGCTTGACGACGTAGTGATGCATATTTCTCTGCCGTGTTGACTCGCGTCTGTTGGGAGTAGGTAGACTGCTAGGCAGCGAGCGTATGTGCTCTAATCAGACCGTAATGCATGAACCGTGTACTGTCAAACCATAAATTGATATCAGCTCAACCATAAAAGATGAACCACTTCAGTATCTTCTTTATTGGCCGGGAAGTGAGGCGATAAAAACCGGCGTGGTACGAACAAACTCCTCAAACTCCGCGTAAAGCGGCCAAAGGCATGCCCATGTCACATTTTCAAGACCCGGGCAGATAGTTGGTAGAAGCACATTCAAAGTATCGTTTGAGACCGGAGCTTAGAGAAGTCAATGTATACAGGGCTGACACAGTGCCAAGTTTGGAGCTGTCTTTACTAAAGTTCATTCTCTGTACGTGTGACAGACTGAAAATCCTCCGGACAGACCCGTTATGTAGATTGTGCTCTTCAGTGATTCACAGTATGTCTACGTAATTAAGTTCCGAAGGGGGATGGCGTGGCGTTATCCACGCCCCGACCCCCTATAACACCGGCTGTTACAACTTGTAGTTAATACAATTACTTTACACACGCCAAGGGGAACGCAGCAACTCATGTGTCCCTACTCAAAATTAGAATCGACGTTAAGACCAGTTATGCGCACCGTGGTCCGGGCCCCTCTGATGATCCAATGACATTAAGAGCCTCGGTACCGTTCTCGTCTACTACCTGCCGTGGTCGCTAATACCGACCTTGTTAAACCA,TGGCTAGTCGGTTTTTGCGGCTTTAGTCACATAACTGGAAGTGTTGTGATCTGTCCTTAGCACCTGAGCCCACCATCATAGGGAGCTCTAACCGTGGGCATGCAGTCGATCCTGAGTACGCCTAAACGCTCCTTATCCCGAGATCAACACTATGATCTTGGCGTACTGGACCATGCTCTCACGACTGCCTCCGAGTGGAAGAACGTACGGCAGGTATTTTTGGGCACACGATACGGATTCACCCTTCCTTCATGTTTAGCGGGCGGTAATTATTCATGTTTTATTGCCGGATCCTCAAGTTCTGACTCCTACTAAGCCGACAGCAGCTAGGGCGCCTCAGGCAGCTTACTTTCCAGCCATCACCGCGACCTGCGCCCTTCAGCAGATCTGTTGCCAAGACATCCCTACGAATTATGTGCATTTATGGTCCACTCTTGGGAAGCGCCCTTCCTTAAGCGAAGGCATAAATAGAGCTCATTTGTGGGTCCTTGGTTGTAGATGGTTACCAAGTCGGGAAAATCATTCGGCCACATGACTGGCAAAGCTGCGACATCGTTGGTTAATTAGGGTCAACCGCATCTGGAGTTCCAAGTCTTTGGTTAGTCAAGCATATGCGACACCCAGTAGCACCCATAAGGTCAACAAGCAACTGCCGTACCGGCTAGGCCCGAGTTGGGTTCCACCACTGTGAGCCCTCCATTCCGGGCTCATTTGACTAGCTAAACTTCCACTACGCCGAGGTCCAATCCCAGGAGTTTATTTCCAATTCGAGGAGAGGCAAACTGGGGTGATCAGGCCCGTTCCAGACGCCACCGGGTGAGGCTCTGATGCGCGCTTCGAAGACGGGCGTGCGTACGTTAACGGGGGCGCACCGCTTGACCAACACATAGGAGTAGACGAATCCTTCGGACCGAGTCAAAAGTAACAATATAGGTTACACACGACTCAAATGGACGCGACCCCCAGGAACTTGGATACAGTTTTGGCGGAAAGATTATCG,TTGAAAATCGGTCATTTCCAAAGCGCACATCTCTCTAGCTATATTCTTTCACTGGGGTTTCACCGATTCACCGCCCTGACCGAGTTGTTCTGCCGCCAAGACATTCGAACAGACTCTCCAGCGCACCATGGCGCGTGGCGAGAAGAGCGTGGTCCTGCACCCAAGCTTCAGGGCTATCATTGACATTGTTAGGGATTGTGTAATTACTCCGTCCCTCTTGTGGTCGGCTTAAGGGGGGTTATATCATACAATGCGTATAAATTCGTGACTATTATATGCTACAAAGCATGTTTAATCCTGAGAGGCCCCAATACTTTCCTCGCTTTTACAATGGCGTTTTCTAGTATTTAAAAAGGTCGCTGCTGCGCTGACCGACTATCTCCTAGGTTGCGGATCGTGCCACACTGTCGCCGGCTTGGTGCCTCGCCATTGGGCTAAGGTTGGCCTTGCCAAGCCCGCGGAGCGGTACAGCGACGTCTAATATGAGGTAAATTACGATTTTGTTCTTGTCTCACATATTCAGGTCGGAAGGAGGTAATAGCGCATGGCGAGACAAGTTTGCGCCTCATATAGAGTCTCACTAAATACTTCAAAGGCTTTGGCCCGACATATAAAGCTGATCAAGTTCAGACGGGCGGATCCCATATTACCTGGGACTTCTCGGAGCGTTTAGTCGTGCTGCAGGTGATCGCGGTTGGGCCACGAAGCTCGCCGAATAGGTAGCTACAAGGGGATTTGAACCGATTGCTCCTACCCCCGACCGTTTCATGGACCCGTGAGACCATGGGACTGTGATACTAAGAACAACAAGCGCCCTAGCCACGATCGTGAGAAGAGCTAGTGCATCCCGCCTAGTTGCCGCGCTTGATCTAACTTTTACAGCCAAATGCGAGGACTCAAAACTGCCTCAACTGGTTAGGGCAACCACATGAATTCTAACAATTTGTTCGAAAGGGTCCGATAAACTACCCTTTAACAGGTAAGTGTAAGTGACGAAGCT,TAATCTTTGATGGCAGGCGTCAATCTAAACGCGGGCGCACGAACAGCTATACAGTTTAGATTAATAAGGAGCGCAGAATAGGTCCGACTCGCGTACGCTTGGCGTCCGTGGTAGAATGCCCCTTTTCGGAATAGACTCTACTTTCTCGGTAGGGAACTCTATTTAGCCCCGACACTTTGAGCCGCGATTGTTAACTCCCCAAAGTTATACATTGGCAGTTAGTTTTGACTTAGCGCAGCATTTCAACCAACCTCACAAGGATATCTACGACCAGTTCTGGCTAGAAGAGGTCGCGTCAGCCAAGACCGTCAAGGTGAATACTTGTGTTTCATGTAGTAGTTTCCGATATCCGCCGTGTCGATTAGGCGAAATCCCAAAGTCATGCTCGTATAGCGCCAATCTCCTTTCACAGTCAGTACAGCATACCCATAAGAGGCGAAATAGATCGCTGGGAAGGTACTGTCGCATTAAACATCACAAAGTCCTTTTATCTATTCGCCGCTCTGATATTTGCCCGGTATCGGTGTAAGGAGATCACCATATCAGTGCGCAGGTGTCAACTTGGGCTACCGCGAAGCTGAACAACATATTTCGTTGCTATTGAAGAGGGCACATCACACCCAGTGAAAAGGGTTCACCTTAGCTAGACTCAATGTATCTAACGCCATCATACCGCGGCAACCGAGGAGCGTCAAATACAACGAGATGTCCCATTATGCTATAGTATACGACGGTTTCACTACCACCCTAAGATAAGTCCCACGCCGCACCAATTGGGTGTCGTCTTCGTACCTTTTCAGGGAGACAGAAGCTGCGGAAACTCCAATGCTTCACTATTACTTTGAACATGAAGAGCAATATACGTATGGTATTATTTGTCCAGCAACATCCGGTATTTGTGGCGTAACTGCGAAGGCATCAGCTTTTTCGGCTTCATTCCTCAGCTCTGTCTCAATGGGGTACGAGGAACATCCTTTTGGATGCTTTGCAGGTGGATGCC,TATCCGCCACGAGGGTAACCCATCGGGAAGGTGTTTAAAGGGCATACACGTGGTGGGTATAACCGGCAGTCCTCCTCACACGGAGTACGTGGTCGTGTCAGTCTCCGACGGTTTTATTCCTATCGCTGCGGAGCATTGGTTTCAGATAACTGCGTGAAAACCCCGGGGCCACGGCGAACGTAATTCCTGGAAGATCCATTACACAGTGCCCGAGTATCTTCGAGCGACGCAGTCTAATTAGGGGATGTGAGCGACGCATATGCATTTAATCATTTGCATCGATCACCCCGAACCGAATGAATCTTGTATTGAGCATTTTTCTTAAGTATGTAACAGCGCAGTCCAGCCCTGTGTGCGAGCATGCGGGCGCCCGGCCTCAACACAGTAGTCAGAACTCTAACTTAAGGTGTAGACCGAAAGGCTCTAGTGGGGGTGACGTATGTCCTTGTTGTCAGCAATGACGAATAGCCGCGGGACAAACGTAGCTGTCGTCAATATTCGCAACCCTGGTGTCACCGAAGTGAGCTTATACGTGCTTCATTGAGATTGGTCGATGTGTATTCGATGGCATACGCCTGCAAGAGGGTCGTGACCTACCTGAGTGCGCTACGTTCACTCGCCCGACTTTAACGAGTTTCTGCCGATGTGCACGTAAGCAGATAAAACTTTGGAGGCCCAGAGTTCCCTACTTGTCCTAGGTTTTTCTTCGATGATTAATCACCAACCATATATAGTTAATCCTAGTATTGTACCTGAGCCGTAGACTCACAAAAAATGTTCAACTTCAGCCCGAGGAACTAACTTGATGCGTTTTCAATCAATATCGCCGTCTTCGTGTTGCGGTGCATACACTTGTGACGCCCGCACCTGATTAGATCTTCGCGGGTCCGCTCCCATACCCTCGCCCTATTAACAATAAGCCAAACGTTGGGACTGTCAGGGAGGGCAAGCTTGTAATCACCCACCGCTTAGCCTCAGGCTGGTTTACTTCACCGCCCAA,TAATGCATTGCAATGACTCTGCCCTCGTGGAAAAGGTCTATATTTGCCGCTCACAGGATGGATAGGGGACCTGGACAATGCGCACTTAATCCCTAACCTTCCCTCACGCTTGGGGGTTCGGAGAAACGCTAGCTTTCTAACATAGCGTGCGACTCCTAGTTTGATGGGGGAGAATCGCGCTAATATGAGTGATACAGGACTTGTTGGTGGGGTGTCTCCGACGTTCAATACAGCCCCACAACCTTCACCGTACCATAGTGATTGGTTACATCACGGATGATATCTCTTTAGCAAGCAGGCTGATCCTTCCCACGCCGATCGAAGCGTGCTAGGATCTAGAGGTTTGCTTACCTGTCCGCAACCTTTCGAAGCTATTCAGTTAGGGTGGACTAAGTGACCGAGATAAAGTATACACTAGCATGTTAACACACGTGCGTGTGGGGCAATGGAGCATGGAGGTGCATAGCCATAGGTACTATGCAAGAAGACATGGGTGTAACCCCCGGGCGACTAGGGAGATTACAAAACCAGACTACTGGAGGCACAACCGGAATATTTGCAAAACCACGGGCTCTCAGTACTCTTCAACTGCCGTCGCTTTGGCGCATCTGCCTGCGCGTCGTGCGAGAGGCTCTAGCCGAGAATCTGTGCATAGGCCCCCGTGTACCATCTAGACGGATTTACACATGCGATCCTTCGCAATCTAACTGTGCACTTCCGCACTCGTTCACAATATGAGTGGGCCCTCGCAAGCAGCGGTGGCCCTGACCATGCGTTATAGAGTTAAGACACCAACCGCGGTACCATCTTGATCCGCAGTGTGTTGCATGAACGCACCTCTTCAAAGATCACTCGGGTATTGGGACTTTGGTCGCAGATCTCCACTAAGCTGTGACTGTACGTAGCACCAATTTGAACGAGGGCGACTACGGAGTTTGCTATGAAGTTTTGAAGCCCGCATTGTTCCCTCTGTTCCTGTTTTCGTATAAGATGGGAGAAA,CTCGACACCCCGGTGGGTTGACTGAGGTGGTTTTTTTAGTCTGTTACAGAAACGTTGGACTCAAGGTTCCCCCTAGCAACTGCGTCATCCGTAACTGGCGCCGATGGGGGTCGACATATATTAAGAATGAATATCTGCTATAAAAGCGTAATAAGAGTAGTACCCGTATGTAATTCTCGACATTTCTGTCCATGCAACTTGATCGCCAAAACCCCTTAGTCCCTGAGTCTTGGGTATTCTTTTACCAAGATCCTGGTTCCGCGTTGTACCTAGATCCAAGAAAAGACAGCCGTCTGAATTAGGGTTTCCTTGTACATCTCACCGATGGGCCGACGCCCGAAGTCTATATAACCCGTGTACGCAGGGACACAGCAGACGTTCCATTTTTCAAGCGGATGGCATGTAACAGGAGCTCCAGCTCATCTTGTCGATTTCAAGGTCCTCTGGGGGAAGGCCCTCCAGTGGGTGGCGTGTCCGATCCGTCCTGGTTCAATACTAACGGAGGAGAGTACAATCCGGAAACGCCCATATGTTCTGTCGAATGCGTACAGGCAGCTTAAAATTCTTGGTATTCCATGCATACAGATAAGAGGCCCACTGATAGCGCCGAGCTCGAAACCAACCGAGATTACGCCATAGCGTGGGCAAGCTACAGATGGGGGAGTACAGCTTAAGGACTCCGCGCGAAGTCAAGACTCCCGCTTCCTGTATTCGGAGTTCAACATATACTTACAAACTCGCCTATCCATGTGCGTCCCATTCCCCGGGTCAGCCCGCCCTGAGCGCAAAGATTCACTTACCTACAGACATCGCGGTCAGCCATGTGTTCTTTAATATCCGATTCATAAGAAACCCTTTACTATTAAGTTGTCGACGCAATGATGTTACTCTCTTTGAGATACAGGTACAATAGCAAGATGGAACGAATCGCCAGAGGCAGCGTGTAATAATATATAGGAGACCAGACGGCTTAGACTATTATAGCCCATATCTACAGATT,CGACTTACCCTGATTTAGCATTACATGAGGCCGACGACTGGTGCGACACTCGTTAAACGGGTCTGGTGAGAACGCCGTTGTTTTATCCCGCTCGGGTGCCAGTAGCTTACGTAACAGAATGACACGCAGCGTAGCTTATCATGGTGGAGAAACGTTTATCCTACAGAAGACTACCACTCCCGAAGTAAGGTTAGATTTGGTGATTGAGAGTATTCATGAGTTACTGGCTGTCAGTTCTCCTGTTCGGTGAGCATACTACCCCAGGGTCGACCTCTAACGGCGCGGTCTCAACCGTTAAGCTACACCTCTAAGCGCGGGGAATGGGGGAACAGCCGTCGGCCGTAAGATTTATGTTTGGTGATTTCACTGAGGCGTCGCAATCCACTGAATGAATCTGGACCAACAGGCCATTATGACCTCACATGTGATCGATTGTAATGAAGGTAGTACTCGCGATCCCGATTAAACTTTTCTTCACCTATTCATGCGTTCTTCATTATCTTCACAGCCCGCATCTGGACTAATAAAATATGGACCGACTGCAAGCTTGCTTCTGTCCTCCATTATAATAGACGTATTTATGGTTGTGTCATTTTCGGAAATACGTTGTCTTGTGAAGCCGTCGGTTAAATGCCCTTACTACGTCCGGCTTCCACTCTGTTGCTCGGCAAATCACAAGTGCGTGCACACCTGTTATCGCTTGTGTAGTCTCTAACACCTCATGTCGCCTCAAGCACGCCTGGCCCACGGTTAACTAAGAACATATTATAACGGAGCCTTCGTCTAATCCTCTAGTGCAGAGTCCTGAAGAGAACTCCACCCATAACTGGGATGACTGCTTGGTCTGGCAAAATGCGCCCACACATCGCCAGAACCACAGTCTCTGGAAAGTCGACCTAGATCCAACTTCAGCGCTAGATCTCTTAACGAGCTAATCGCTGTTAGATGCGATGTCTACTCCTTCACTGGTGGCTGTTTTTGGGGCCGTACACGTTACGTG,CCGACGTTGAAAGGTAGGTCTAATATTGCAATCATAGTAACCGTGTTCCAGATACAGAACCGGCAACCTTGATAAACGACAACTGACAGGCAAATACTGTATATTCTCCAAACCAGATTGGGGTGAGGCCCCCGCAAGGATCCTTGGAAGTGTGGGGGTCCCTAATTTGCGGTGTGTTAAGTACTCTAGTCGCCGGTATTTTGTCTAAACCGGCGTAAACGGTTCGCATCAAACTCCCGCGACTGGTAGAGACAGACCTCGAAGGCATACAAAATGATGACTGAGCGTAGTGGTGTTGGCGACAGTCTAGTAGTCGGGACACCGATCCCGGACTTGTCCATAGTATCCCTGGGACGATGGTCCAATGTATGGGCGGTGAAAATGATGCACTTATGGGGTCGATCGGAGTCTACGGGTATGCTCGTGTAGCGGTCAAACGCACTACTCGTTCTTCTTCCCTAGAGTCAGATTCGGTGTGCAATTAATCGCGTCGGGCATCCGAAGTTCGGCCGATTACGGACAATCGCAATATCTTTTAGAAGAACCCTCCCTAAACGGTGAGCAGAACTTATACTTTTAGGAAGGCCTCCCGCAGCAGTGCCCTAGACCCGTAGAGTGCTCTGATAGGGATATTGCGCTCTGAATTCCTCGTAGAATACCGACGCAGAACCGATCTGAAGGTCGCAAATGGCACATAGTGGTTAAAATCAGTGTAACCTTAGGCAAGCGGGCGATTTCGTATTATATTAAGACTTGGCGTTGCCCCTGTCCAATTGTCGATAATATCTACGAGCATCGGAGATTCCAGATTTGAAGGGCTGAGGGGTTACTTCTCCCCATCCCAATTTCCCCCCATTGAGGGGAGTCATTCGAATACTGCAGAACCATACACGCGTGTTAGACCTAATTCTCCACAACTCTCACCCACGTTCCTATTTAACCTTTCGGAAGTGGATCAATAAGTCCCAAGAGCTGAGACACTTTAATGTACGCAAATAGT,GGGGAAGGAACGTTGCAAAAGTAATGACAAAGGAATGAGATCTCTCCCGACGGTGCATCCAGTTGTGGACCACACATCTCATTGTTATTGGGCGGGCTTAACATCCAACGGTGAAACCACTGATCGATCTACGTAACTGATAGAGTCGCCTCCGGTAAGGATAGGTCTAGATAGTCCCAAAGAAAATTGTTGCGGTATGTCCCAGATTACCGACGGTGTTTCTAGCGTCCCTTATCACAGCGTCCAAAGCTGTAAAGTGGAAGGAATTGGTGGCTTTGCTCTAACTTCCTACCGAAACAACGATCCTGCTGGGATTACGCACTCGTGCTCTGCAGCCCGGCATTGGAGAAGCGTTACCAAGTATGCAGGAATCCTAGAGTATGATGATCGAACAGTCTGAAGACTCAGTTACTGCAGTCCCGATCGAAGGCATTCCATCCGCGAGCCCCGATCCTTCCCGTTCGCAACGTCGCAATGTATTCCCAAGTCGAACTGACAGTTCGGGAGGCTAATGTTACTTGAGAATCAGCAATGTGAGCTTAAATTGGACTTTAAAATCGCATCACTACCAGTGTGCCTCACAGCTGCCATGGTTCGAATAACAGAGAGCATGTCGACTTTTCAGAGGCGTATGAACAAATGGATAATCCGCTTTCTTGTGTACTTGGTTCCTGGGTGTGCGCTACGACTGTCAGCTTACCTTCCTTGGTTTACACTTCATATTGGGTCGTGTCGCCATGCACAACAGCGCAGTTGCGTTTGATAGCACATAATGCACCAACGATGCCGTGATCCCCTAGAGGAGCGAGCGTCGTTTCCTAGCCAGTGTACGGTCTGGGTGACTCGTTAAGTGATCAGACCGTCATTGATACTACAATTGATCGTCCACGCTGTAGTGTCTTGATACCCTTCTACTGCGCCTAGCTCTGCCAGCCACAAATCTAAAGCAGACTGCTCATGCTTACCCAGTGCCGATCGCATTCAGCGCGTCAGCAGTGAA,TGTTGACCTACTCATCAGAGTATGGCGTCAATCCTTTCAGGAGTGAAAAGGTAGGATCCCCAAAGACGGCGATCACTACGTCGCGTTACGAAGGGATATTAGAGAGTGGCAATGACTAGGAACTCATCGCTGCTGATTCAACGGGATGAATGCGATCGGCTGAGCCCTGGGTCTTCTTCCTCAATCGCTAGTGCCCTGTACCGTACTTGCTGGCTCGCTTGATGAAGTTTAGGCTGGTACTGAGCGACTCATTCTCCATGACCATGATTACAGCTCCAGGATCTAATATATAAAGCCCTCTTAACAGCTAATATGTACCGCCGTGCTCCGATCTCTTAATTCATTTCAATGACGATTGTCGTAGCCAGCGGGGGACCTGTCATGTTCCTGATTGGATGCCAACTTTTGAGAGGTCAACTCAGTTCAACCCGACTACTGCCTCCTACCTAGCCTCGATGTTCATGATAAAACATGACGTCTGTCAGACGATACTTATTCAACAACCAGAGTAGGTGACCCAAAGGCCCGCTTGATATACATACTGGGCCGGCCGCTAAGGAGCATCACCTCATATGATCAGAAACAAACCGGTCGAAAGCCTGAGATCCCCGGTTGACTCTCTAGTCGTATACTCAGTTACACGACACTCTGGGATCTAGTACATACTAATACTAAACCAGCGCATCAGAGCAGGTGAGGCACCCACCTGCGAGACTCTAGCTTGTATTCGTTACCTGTGTTTACTTCGCGGTAGGTAGCGGAGCGTATTTGAGGCAGTGTCCGCGCCCATTAATTGTGGCCATTGGAGTCTACTGTTCGTATTCACAAGATTCACTGTACTGTCCCTTCACGCCTGATTATTTATAATCTGGTGACCCTCTCTATAACCGACAGCAGCTCCCTCGTGTGGTCATAAGTACTTCGATGTCTCCCCGTGTGCACATAGGTGACATACCATAGCTCTTAATCTAATTAACACAGCTTGTAAGTGCCGATGCCT,GAGTACTAGTTACGAAGATCCATGGATTATTGTGTTAATAAACAGTCAGTAGAGAGTCGTGACGGAAAAAATCTGCCATGAGGCATCAGCCGGGTCCAGCTTCTTGAGAATTGCCGATCTTTGGCAACACGGAAATTTGCGGCTGCACAAACCGACTGCATGAATTGCCTTCTTGTCTAGCCCTAACCCTTCAAAACTTGGGGCGGATGCATCCTCTTATCTTGTCCGTTAGGTGGGGGCCAACTGGATGTCGGATGAGCCACGTGTAGTTATTTGGTAACACGTCGCGGACCAGATCTTCGTACTCGGTACTTGCCTGGACGTGATAAGTTGTGCACACGATCTCGTATGCAAGGTTCGGGTTCCAATGAAGGCGAAAAAGCTGAAACAAGATTGTCCATACCCGATTTCTATCGATGGTGATTGTTTCTCTCCGGCAACAAGGTGTTTAGAGTATCTCTTGAACTAAAGAAGCTTGCTTGATGTGATATTGACGAAATGTGTAACAAATTTTGCTAGCCTGGGTGAGGCGGATCACGAGTAGGCAGGGTCATTGTATTCACGGCGACGTCTTCCGGCAGCTCCTGCATCTCTGCAGTCCTCCGCATGGCGCACTTTTGATATACCATGGTGGCGCACACTCACCGTCTGGAAATGCATGGTGTGCGCACAGCCAATTAGTCAACCTTTGTCATACCCTTTTAGGTAACTCCTCTTGCATCTGGCACCGGAGCATGGTCGATCGTCTACTATGGCATACGAGGCTGTGGCAGGTGCATTGATCGCATTCTGGCTTAATGGTCCATCGGATTACCTGTTCTACTGGTTCCTTACTGTGTGTACAGTAATAGTATGTTTCTAATTTCAGAATGTAGAAGCCCATAGTGTCAGAAAGGCCCTTATGGAGCAAATGCATGGTCTAGGTACGTATTTCGATGCCCAGGGATTTGAAGTTGTTAAAATCGCAGTTGAACCTCGGACGTGCCAGTATTTGATACTG,ACACGCCTCAAGCGATGGCATCGCCTTGGAGTGAGTTGGGTAGTGATAGGACTATGCAAGCCTCTGGTGCTATTCTCCATGTGTGGGCGGAAGGAGGAGGTTTGATACCTTCCGCTGCGCCGTTTACGACCGCCCTATACGTCGCCTGAGGCTGGACAAACAGACGGCAGCAAATCTCTCACCGTAAGTAGTTCACTGAGGAAATTGACCTGCATCCGAGCCTCTGAGGTAGTATCGGCAGATCTCGGGTGCCACCGACGTATCTGGCTCTCACTCTTATTGTCGGTGGGGTTAAATCATCCAATTCTGGCAAGAGGTACTTCCCGTAGGAGAGGGACCAACTCGCACACTCGGAGGGGCAAGACTGCAAGCAGTTCTGTAGCAACTAAGTCCTAGAGTCTTGCACGGGGAGTAGGTGACCCTTGAGTAAAACGCTCCGTACGTCTCCCCAGCGGTGACCGTACATGACCTAAAACTAGTCAGTCCTGGTCCTCCTGTATGACATGTTGCTGATAAGGCCACACTTAAGGACTAGTCAGTCTGCCGACACCTAATCTTCTAGAACACCACAGAATGCTTGTGAATACTCACATAGACAACAGGTCACAAGAACATAATATTAGCTAGGTCCTTCCATGTTGGGGGAAAAGGGAGAGACACATTATACGGAAGGGCGCCACTGAGCTAATCAGCCTAAGAGACACATCTGCAATTCCGTAGTAACGGCTTGTTAAAAAAGCAATAATTGTCCCTCATTAGTTTAATATAGGCACTCCTTGTCGACAAGGGTAAACGCTCGCTTGCCCTCTTTGTTTCGGCAACTTGATTAGGAGTGTCCTTGCATTCAAGCTCACTGTATGGCGTTACTAGTGGTGAGTCAAAAGAATGCCAAGGGTCTAGACCTCTACCTCACTTTCAGCTAGAGCCGCGAGAAAAGACGGACTGTCTAAACTAGAAGTGGCTTTTCGCTGTGGATACTAGCTTCGATAGCCAGACGAGT,GGGACTTGGCCTCGAGTTACAAGACTTGCTGGCGCTCGTATCCGTGCCGGGTTCAATAAAGGTAGCACTTAATTCCATGCGTTTCTGTGTACGCCGTTCCTCCAGACACCAACGGAATTTCCCTGCAGTATAACCTCCTCGCGACGCGGCAGGTTAGTGCCTAGATTTGGGGTCCAACGCTTCTAACGGCCTGGTGTGCTGATCATATCGTGGGTAGCTAATGCAAGTTAGATACAAATACGAGATTCAACGCTGTTAGTCGCTGATCTCGGAGAGGCTAGCCCTAGGGGTACTCGAAAGGACAGACACATAGCCCGCACCAAATCTAATTTGTGAAACAAAGCAAGCACACTGGTGAGCGGCGACTCTAACCTCGCATACGTGGCTCAGAGGATCACTCTCCGACGGATTGCGCTTTCTTGTCGCCAATTAACGAGGGTTTCCCGATTGCGGGAAGAGAGCGACTCTTGGAGAGCTAATGGGCCAGCCACAGAAAAGTTTGTATTGAACTTTGTTGGACAGCGGGTGATATCTCGCCAAGACATTTGTGCATATGTTCTGTCATTGGACCGCGTGTTGCAGGAGGCAGTAGTGACTCATCACGTACGATCACCTACTAACATAAACACACAAACACACAGAGCCGCTCTCTATATGGTGGGCGAGATTGAGAGGCCCTCGAACTTAGAGGTTCTGATGGTATACCCAAAAGGATGATGTACCTTGCTAAGAGCCCGTCTAAAAGTAACCAGCGTCGATTGCAGCCACCCCCGCTATCCCTGGGTTGAGCTATAGGGACAGGCGTCGTACGAGCGCACCTACTACCATAATACGTATATTCACCAAAGGCCGTCAGGCTGGGGCACAGAATTATAGTTGAACTAACGGAAATTCGCAAATATCGAAGATAACAGTCCCTCTATCTGATCGTCACGCCTGTGTGCGTATAGATCATCGAATCTACCGTGCGTCGTAGTTCCCGAATAGTAGTCGGGTCTCG,TGAGGATGAGTCCATCATGAAGTCGTGATAGTAACAGGATCTTATACCTTTACCCCCGTAATGGGGTTATTTGCTCGGAAGGAACACCTACGTTTTGACGGCGCAGTTTCATCTCGGTCGGCTCCTTGCCCGTCCAAAAGTAGCGCAACCGACGCTTGAGATTCATCTGTATTCCTCTATTTATCAACCCACCCATCCTTTAGTCGAATCGGCTCGGGATCAATTATATGAGCTTCTAAGGCACTGCTCAGATGTTGTAGTCACCTAAAGAATAGTTTCCATCGACATCGAGCCAATAATACTACAGACTTTCGCTTCAGGCCCCGAGTGAATCCCACGCACCAAACCAGGGCCGCCGTCGCGGCCACAATTCTTCTGATCTTATTCGCAAAACTCGGTGTGACGCGTCCTTCTTCTCAGAGATAAGGCGGTCGTTTCCCATACCATTGTGTGCTTCCTCGGACCTCGTATTACTCAAGGCACCAGCACGCCGTGGGCGTCTCGTTCACACACGTAACAGCAGGATGATTACCGGAGAGTGACGACCCTCTAGAGAACACGTAGAACAGGCAAACGTGGTTCGAAAGTATGCTCGGATACCGTGACCCCGAAATCAAGTTGCACCCGGCGTCGCTCAGTCAGTCCGTAGCGCGGGGGAAAAAACTTCCAGCCCCTCTGTGGGATTTTCCCATGTAGCAGCCCAGGCGCATCCCAAGTTGGTGCTAGGGCTTCTCTGATAAAATGGTCTCAGATTTATACATAGCGTCGACCCGCCAGGCTCACAGCCGGATTACAAGTTTGTCCGTGACCAAATACGCTACAAAGCACAATACTCACGACGGATCTGCAACTACAGAATCTGTAACACCCCTGTTGGGTAGCCTGGTTCGAGCAACATGCACCTCACAATGCGCATAAAAACGACTACAGAGGGTCGCCATGAGCGAGTATAGCCGGAGCACGCGAGCTATGTGATCACCTGATTTGTCCGGCGGGGGGC,CCGCTGGATCCTTGGGAATTCGCGCGGGTTGAATGGACTATGTTGAGCAGGAGAGTACGGCGTTTTCTCGAAGACAAGGGGTGGCTGCACTTGGAGGATGAGGCATTTGCCACCAGAGAAATGCACACAGTAACACAGGCGGATTTATGCTGGGGATAGTGGGGGCCACGGACATATGGGCTACGAGTACCCAGGGAAATGTCTTAAGCAAGGGTTTCGCCGACCGATCCCGCCCGCCCGTTCCCTGTAGAATGGACGTCCAAATTCGCATCATTGTGCAAAATTATCCGCACACGCACAGTGGGACGGAACTTGGTGCAGAGTTCCGACGGCGATAGAGTGCTGTAGGGGGTGTGATCGTGCTCTTAGTTTGCGCATTAACCGTGGGTGGAGGATCTGCTTAAACTATATCACATGGCAATGATATTTAGGCCTCGTGATTGCCGACGACAGTCTGTCGCTGCTTTTCTTATCGTGTACTACCCGATCTAGATCCTAGTCTATCCTAAAGGGGCAGATTGTTCCAATAAGCCCGGAAGATACGTGTGCTACACCGATTCGTCTGTAGTTCAGAAGTCACCTATAAGTACATTTCTAAGAGGAGTGGATGTCTTTGCGACCACTGCTGGCGTATACGGTTCCATTAGTGCTTCATACACGGTGGGTCCAAACATTACATCCAGAATGGGCGTGGGCGATGTACAGTTGTTAGCCCACATCTCTGGAACGCTCATCAAACTGACAAATTCCAAAAACACCCCGAGTCGAGCAGTGGGCGATCAACCGTGCAACGTTACGAGAAGACTCCAATCCCTCGAGCTGTTTTTACCGAAACCAGTTAGGCATTCAGGTCTCCCCACCACCCCAGTCCGCTTCAAGTAACACGTCCTGACCTTGCGTAATCGAGAACGTGGTATAACGGATCTTTGATTTGCAATGGTTACTGTTGTATTCCATCGTTGAATCTCCTCTCCGGCATTCTGTGTTGGTGAGACAAATC,GACAATCCAAGAGATGAGACAGATTCCTCCCTTTCGTCGATATTTTGGTCTTTAGATACAAATGAATGACTTCAGTCCGACTATTATGGTGGTCTTAGGACGTCTTCGCATCCCCGTGCTTCCATCCGAATCACAACGTAACCTGACATTTTCGATCAGTTGACTGCTGGGCCACAAACGTAGTATAGTAAGAGCATTTGACCGAATTCTTAACCAAACGACTCAGTTGATGAAGTTCAACGGTTTTCATTATAAGATTGTCCCTGCCGCGAAGCGTTGGCTAGCATTACCAAGCCGTCTTCACTCTAAGTGCATATTGAACTACATCCTTTGATCTGTAATAATTGGTACACCGATCGTGGATAAACAATTTCATTTCGGTCGGATCCATTACGTGATTCGAGGGTAATACCAGGTTCCCGCGGGAACATCAACGTCCACAGTGGCCAGGAAAATACAGGGCTTGTAGCGGTCAACTGAAATACGTAGGACAATTGCGGGAGCTCGGAAAACCACCTCCCGGCGTTCACGTTGTGTCCACTCCTTGAACAACAGCACAATCCAGGGTGTGCTGCAGCAAGTAATCGTAGTGACTGCAATAATTTAAATGACGCAAACCATGCCGGTCTACAATCGTTTACCTTTCAGCATCTGCAATTGTGCTCAGCACGTTCGTTCCGACCGGGCTCGGAATGATTACTCCAATTCATAAAATCACTATTGGCACCATTCTGGGGGTGTCCCCCTTGACCGAGCTAGAGACGAAGTTCGGACCCCCGCCCGAGAATGACTGAATGGCCAGGTTTTATCATCTATACTATAAGTCTATGCTAATAAACGGTCACAAGGAGTCCACTAAGATAGTGCGATAAAGTAGCGTGTAAAACTGAGACAAGCTATACACCCGGTCGGAGATTTGCGCTGGTGTGCAATGCTCACTGTAATGTGCACCAGAGGATTGGTCCAATTTGATCTATACTGAAGTAACTCACGGTAAAAG,TTGGTACTGACCCTTCAGTAAGGCCCGCAACTGCGAATATCATTAAACACGCCACTCCAGTAAAGGACTTGTCAATGCGCCGACAACACTTTGGCCACGTCGCCCATACGGGCCGTGTGGGGACTTCCGTTGGGGCCTAGATTTCTTTTTTCCTCATAAAGACCGCTCCATTGTGGCTGTAGCCTCTGACAAGACGCATTTTACGAAAGTAGGAATCTGGGTTCCTAGCTCAGATGCGCAGTGGGGCCAGCACTTGAGTCGATAATGCAGCGGGCGTAGCGGGTATCGGCCCGCCGCGCTTTGCTTTGGTTTCACAAGTTCTACTTTTTGTAACATGCGTGCCCGGTTTCTTGCACATTAGAGTAAGCACTTGGGTCTGCTGGGTCGCTCGAGTTGCCTTGAGCAGATGTAAGACGCCCAAGTGACCCTACGTACCCTGGTAAAAAGTGTCGACCTAGTCCATTCAAAATTAATACAACCCAGCCCGATTGGAACGATGTCTTTTTGCAGATTTTCGTAGGCAGGTTTTGTTAGCCGATGCCCGTCGAATGTGCCGGCGGAAATTATCCTAGCGTTTCCCTATCCCGTTACGGGTGCGTTTCGAGTCAAAAATAATGATCTCGAAACGAAGTGTTGTACATCTCTTACCTCCTGAGCAGCCTATATAGATTACGGACCCTGAACAATGCGTCAGGAGAGCTCCCGCAGTTTCAGGGCTATTGTCTATGAAGGGGCTAAATGGAGTTGGTGCAGATAATTTGCGAAGATGCTTATGTAGGTACTTAAATCCCGGTACGGTGTGATCTAGTAGTTACCTTGGAGGACTCGATGGTTACCATTTATTTACAGACCCATACGGGGGGGAACGACGTTACCCATCCCGCCAGCTCACCCCCGAAGGCTTGCGTAACGCGTGCAGACAACCTTGCGTAAGGTGTCTACACACCCTCAAGCGAGTGTCCGGGTTCCTGTGGGTAATTCGTAATTTGGACCGAAACGA,CCACAGGGACTTGTCTATCTATTTGTATTTCGCTCATCTCATAAAAGATGGGCGATGCATATTAATGTAGTCCGTCTTGGGAAGAAACAGGGCTTCTCTACAGGCCACTCTCAAACATAATTAGTAAAAGTCGTACGGGTGTATAAGATTGCTGGACGTTTTTCCCATTACTAAAAAAACGTGTTACCGTATATGCCAACGTCATAAATAAGTGGGGCGCTATTATATTTAGTGTCGTTGCTACTTGTAGGCGGGCTCAAATACATGGTAAATGCTATTTAGTTACATGACAATGAACCAACGCTTGATGAGCATGGCTTGTTAGCGGGATCCGGGAGGTGAAGGAGAGGGCAAACCCGACCTTAACATTCGCAGCAGTAATGGACACTAAAACTCATCTTATCCAAGGACCGGCGGCCGCTTAGCACAGCTAAGCGCCCTGCTCGTCTTAACCGTGCGATGCACGATAGCATCAGCAATAGGGTGGGCATCGAACCCCTCTGGCGAATTTTTGTCTTCGGCCTCCGCAATTCGTGTGAAAGCGAGCCTACGTATAGCGCATTAGGTCCCCGGTGGGAATGCTATCCTGGAGGAGATGATAACTCCGGTAACTCTACCTAAGCACAAAAAAGTCGGATCCGCAGTCAGAGACTTCTAAAGTTGTCATCGTGTCCGCTCACAATAAGGACGCTGATTGCGCAGCTGATCAATAAGACGGACCTCCAAGGTACTTCTCATCGTATACCCGATAGCCGGTTGACCAATCGTTCTTTTCCTGTTTGATGAGCGATTTTACACGTTGCTCGAAACTGTTGCTATAAGACTGACCATCGCAAGATTGACGTGAGGCGACGACCCCTTGGTATCCACGCGGGCTTGGCTGCTTGCGGCTAAGTCGCGGCCACCTAGGTCATGCTGCCCTGATGCCATCGCACAACTAGCGAGCGCAGCCACCTGTTGAGGCTTCAACTAGCAGGAACTTATAGCTACAACATAACTT,38a44eaa-e7b9-4283-ade8-3eff8397122e,M,TTGCTTTCAGCATTGAGAGGCCCTCGCACACTCTATGGCCCAGGACCCCTCGTATTCCAGAGGCTTCGCACTAAGTCTGACCCCGATTAACAGGGCGACACGAGCCTACGTCGGAAGAACTGGCGCCCAACTGCGCATTGTCACAATTCTCGACGGCACCAAGCGACGGCGTTGCCGTGATCCTGACAGTTGCATATGTTCCTCTATCCTAGATTGCGATCCGAGGGAGCCTGGTGCTATGGGTGTATGCGAATGCGAATCGCTATGAATTATTAACAAAGATAACCTACGGATACTATTTCTACGTCCCGGGTACATCGGAGGACTTGGGGGAGGATTTTCTTTCCGCGTTCGACTAAGTCACGTGCATGCTGCTCGGCGTACTAGCCACTGACACACTCAGCATGAGCCTCGACACTGTGAACTGGCTAAAGTTTGGTCTGGGTAACTTACCAATTGCGACAACAATGGTTACGTCGTGACCTGCTTGAAACAGTACCATAAATGCTACAAATGCCCTGGTGTTTTTCTCACATAGGGTGGCGCGACGACGTCACGCATGGGCATACAAAGGTTCCGATGCAAGCATAGGGTACTGGAAAGGGCTGGACCCACGGAAAATGCATACTTCCAGAGTCCGGACCTCCTACGACGCAACTAATGAATTTACCCCCAGAGGTGGATAATTTCCGGGTTACGCTCCTACTTTAAAAGATTGGGCGAGGTTCTTCGGTATCACGTGCCTGATATAGCCTGGTGAAAGTAGAAATTGTAAAGGCAACCTAAATACCCTTGAGAGGAACTTCTTGATATTAGTAGGGGTTAACTTGACAGTTAGTTAGTGCTTGCAACTTGTCGCGACAGGGGAACAGTCTCGTAGGCCCTCTGGAAGGATGGCCCTATCCAATACCCCCCGGGACATGATAGGAAGAGGAAAGGGTTTGGTTTAAACGACCGTCACTCTAGCGAGTGCGTTTTCTTGTAAGCAGCGTTACACCAT,CTGGACGCTAAGCATGGTCCGGAGCAATCGCGATGAAGTAAACTGGGGCACCTTGTGACGATGATGCTCGAGCCGACCGGTGTTGTGGTCAAACATATTACCTGCTGTAACTCTCTCAACAGGTTGCTGCTTAAAGGCCTTTCGAAGAGTCCTACGTTCGCGCCGACCGAATGTGTTCGTACGACAGTGCCAAAAGATCATGAGGCAGTTCACGACTAACTCCAACAAACGATCTTCATGTCCTAGGTGAGTCTGCGCTCGAACCCTCGACGCCAGAGCGCTGGTAGCAGCACGCGAAATGCCGTAACACAAAGCACCTTAAGGATCTCGACAGGGATTTCCAGAATTTGTTGTTGGAGAAATCCGTGAAAAGCCTGTCCCCGACCGCCTGCTCGTGTAGTACCCTTAGGAACCTCCCTCGGATCAGTCCAATGTCCTATACCAAGCCTGAACTTCTATACAGGCTCTGAAGTGGCGGGTCAAGCAATGCTACAGTTAGGGCTCCTAAAGGCCACACGGACCCGACAGTCAGCGGAGATGAGGTCTAGCCAGCATCTCCCCCTTTGAAGGTTGCATACAGCAGGATAGACGGTGCCTAAGAGATCTAGAAAACTTAACGAGATCACCCGAGCTCGGGTGTTTAACTGCATCGATCTCATGACAGTAATTCCTCGCCAATTCTGGCCTCGAGCTCGCTAATAAGTTTGCTTGAATCCTCCTACCTGATTCCCAAGTTCCGAGACTACCGGTGGTTTATAGTCTTCAGTGATAGATATCAGAAGATCTTATTGTGCGCGGAAAGGCGCCGGGCTCAGGTTGGGCTCCATTCAGGTCCTGCGACTGTAGAGCCGGTTAACTTTCAGGACACCTGAGTTGCATCGGTCAGGCGAGAGCCTCTGGACATAAACATAACAGTATGACAATATACGTGTCTGAAGTCAAATCTCGCTCGAGTTGTTGACACTCCTTCTCGAATCCACCTAGGGCCTGCACCCCACGC,ACACCGTACCCTGGAGCATCTTGACAAGTGTGTAAGCCACTTGAAGGCAACCTGAGCCGCTCCCGTAGCCGAGTTGGGTCCTTTATATTTGGGCGACCAGGTCCTAACGCGGCGCTTTTGACTAAGACTGCAACCACGGGGGGAGGCTGGGACTTTCTGGTGGCGGCACATAATCTCGCAGCGTGGACGTGGGCATCCAGCATGAACTCCGTACTTCCTGCCAGAATCGGACTCCCTGCGCAAGGGGAAGCTTGCGCTAGGGCCTCCGCGCCCAGGAATAACACTGGGCATCAGAGCTATAACTGTCCTACCGATCAACAGGGCATCGGGTTGTACAATTGGTAGCTTTTACGAGAATTACCCCGGGTGGTGACGAACATGTATTTAGATAGAAAACTTCTTCCACTAGACAGCTTCAGGCGGGAACTCCAAAGTCACATCATCCTTTCCCGTGAATACGTTGGAGTAAGGCCTCGGTAGACCCAACATCTACCCTTCGATCGAGGCGATCTGCCCAGCGGATCCGACAGGGATTGATGCCTTATATAAGAATATCATGCCGGCCGACATTCTCAGTGTACTCATTTAGGATTCGTATGTATTGGCGTTATTCGGAACTGTACATCAGAGTGAAACGCATAAAAATAACAGGTGACCTGTAGGGGTAGCGCTTGGGTGTGTGCGGCCGACCCTCGTCACCCTGTTGCGTGATGTGTTGGGCACGAGTGGAACTAGAGTACATGTGATGGCGTCCCTGTGCAGCCTTGGTGATAGTCAAACGAAACTTGGCACTTACGGTCTACGGAGACTGATATTGGGTTGATCCCATACACCAGAATATGGCGAAACTTAGTGTGCATAATTTACGCTGGTGAGAGGCTGAGCAGTAAAGTAAGTGAACACCTGAACGACTAGGTTCGCCTCATGTTCCCTAGAGTATGTTGTAGAAGATGAGCGATGTTTGCGCTTCACCTTTTCTCCCCTCTTAAAGCCCCATAGT,CCATGTGGTGCTGCGTACTCCACCTGCAAGATGCACCGCGCAGCCGTTAACTGACTAGGCGGGGAACAGGAACAACGCGGTAGTTCTTTCGGTACTGCGTATAGCATATCGTACAGGTGGTGGACAGTGTTGTTTCACGTGGTTGTCCGCAGCCGGTGAAAAGTGTCAGGTAAGTGTTAGCGTCAGTGGGTTGAGCGACGACACCCCGGCCGCCGCATCTATATCCTATTAATGGTGCGGCTGCGATGATGCAATTTATGGGCTCTACTACAAAGATTGCCCGGACGTCCCATGTTCCCGGCGTCCCCGCTGAGCACCTAACCTCTGTCTATTGACGAAGTGGAATCCCGATAATCCAAGGAAAAAAGAAGTATCGTCCTCACTTTGACATAACTGGAACCTACGACCCACGAACTTGCGAGCGTTTATAACCGACGCTCTCTGCAATCGCCACGCCCGATCCTTACGTGATTTCTGCCCACATCCCCAGCCAGTAGATCGTGCTTTTCTACGGTCTGTCGGGGCGATGGGGTTCAATGTACATCGTAGGCGGCATATTGTATTGGCGCGAATAAGCCCCTCGGCGGCAGCGGCGCTAATCAAGATAATCGGTACTTGTAAACACACATAGAGCGAAAATACCACTAACTCGTTGTGGTACAGGCCAGCTTGCAGATTGGGTGCGTCGTAGCAACGCCCTAGCGTAACTTCAGCGAACCGACGCTATTATAGTACACTAGGGAGATCTCGAACGTTCAGCTGGTGTATAACCGCCACCATCGCAAGCTAACGATAAAACACTAACCCTGAATTCCAGTGGGTGATCCCTGTACATCAATCAAGATAACCCCATTCCTAAGCGGTGCTCGATGAATCGTCTTGGGACAGGGACTCGACCTATTCATCATGTGCTCGGGTTGCCTTGACGGGGTAAGAGTCCAATGATATTTCTCCACATGTGATCCGCAGACCGGCTGTCGGCATGAAAACTAAAAGCATG,TACGCCACCCCCAGGTGAGTCCGAGTGAAGACGATCAGGCGCGCGTCTTAATTTGTTAAGGGTCAGGACACAAGTATGAGGATCGGTTGAAGTCAGCCCGGCCAGCCATTCCCAAATTTCGCGCGCAGTACTATAACTGCCCCAGTGTGAGTATGAACCTCACTCTAGCTAGCCATATCCGAGGCGATATCATCCCTGCTGTGCATGCAGCGCTCTGGCGATGGCCGGTCTACCCATGCTCTGGTTGGTGTCCAATGTAGAACAGTGTTCTAGGCGGAGAGGCCAAATGGTAGGTGCTCAGTTAGGCTCTGCTTAACAGAACTCGGATCGCATTCCTCCTCCGACCCGAAGGTTCATTAATGGATTTGCCGATGCTAATCTACATACAGACCAGCGCAATTCCTAAACAGGCTGTGTCCCTCGACAGAGAAAGGCACTGACTGTCGATCTTATAGATTATTTTCCCTCGCCAGAGGTCTTAGTCAGTAACGGGAATCCACGACTTTGCACACACGGCCAGGGGTGAAGTCAACGTTCTGAGCGCCGGCCCTAGCGAGCCAATACTATGAAATGAGTGCTTAGATTTGATGATAATCGTCCTCCAAGCGCCGCACAAATTTTTGTATGGTGCTACCAACCATTTGGGCTGAAGTCTTGATTTAAGACGCAGACAGTGCAACGATCATACGGACTTCACTCACCTTCTTGATCTGGGTCGACGTTTCACCGCCACAGATACGACGATCCCCCGTTTCTGTTAGCACTTCAAGGAACGAGGATTGTTTATCATCGACTATATGTTAGGGAAGGACGGCAGTCATAAATGCTAGACAGCTACAAATGGCGTTACCTGGTTATTGCTGCATTCGAAAGTGAGCAATCGGTTCTCTCTCCAAGTGTCCATTACCGTAATTGCCTCAGTGAGTTGTGACTAAGCGCAACGTTGACGAACTTAACTGCGCAGGTAGATCACTACTCGGTGCGGGTTTTCGGGCCTTTA,TTCTTTAATAAGTATCCTGCAAAGAAAGTATGAAGGGTTGAACTAGTCCGCGAGCCTCCACGGCAGGGAATGCCAAGTGGTAAAAGAGGTGCTTTAGAACCTTGCAGCGATAAGGGGATCAATTGTTGTGACCCTACTGTCGAGAAAGCAGTTTATTTACACTAATCATACCAGATTCCCCCGTCTTATCGAGCTCAAACAGTTGATGTCCGGGTGAAAGCCTCTTGTCTCTTGGGTAGACCGCATTGGATCACACCCTGGGAATGTAATTACTTGATACCGTCAACTGAGGGGGGGTAACCCAGCGTGCACCCCCAATAACAAGCTGGCCCACCCTACCTTAACTAGAATAGGCTACCCTCTTTCCACTAATCGAGAGGTCGCAGTGGGTTTCGGATCTGTCACTCAAGAAAGCTTTCTGCCGTCGCTGGGTTGGAACGGGCTACCGCCATCACGACCTGGACCAATATGTCGTAACGTCCCTGCCGAGGAGCGCGACGGCGTTACCCTTGTTCGGGCCGCCGAAACTACGGGCCCCAGGAGGCGTCCTTTAAAGAGTGTAGGTAGGGCTATGGCACACAAGGGAAATTTGCGATACGCTTGCTAATGCAGAGTACGCATCTTACGTCGGTAGTACTACTAAGTGTTATTGAATGCGCCAAGTCCAGACAATCGTCGTCAGTAAGCCCTTTCCCCACCCAAGGAGGTGCATTCTGCTGTGGGCAATCAAGACTGTAAAACCTCTGTCGTAGCCGCTCTCGGCTGCAACGACCCTACCAGCCGCGGCTAAGAGGGGCTTGATGTGGTATGCATTAACGTACTAGGAGATTCACAATCGTCCTACTGTTGTTGCAGTCGTATAGGTCGCTCACTAGCCAGTTTACTCCGGGACGGTTTCTTCTGGGATGCTCAGGTAACGAAAACATCTATTATAAAGCTACGGCGCGTCTATTTTCTTCCCCTTAATCTGTCAGTCTCAGGGGTCCACGATAACCAAATT,AAGTTGAACGATAACTCGCGTGGCCAGTTCTGAGAATGCGAAGGAAGTGTAAAGTCTAAGACAAGCGGGCAGCGCTGCTGGGTTATGTCCTGGTCTTAGAACCTACTTCTGGGATCGAATTTCCGCTAAGGGTGTTGTCCCGCTATATAAAGCCTCATGGGCCACATCGCAAATTCACTCCGGCTTAGCCTGTAGCAGGGGTCCTCTCCAAATGTCAGATGGCGGGCTTCTCGAGCTGTTATGGGTATTAGTGCCATAACGATGTAATCTGCAATAGGGCCCCTTAGATCAATGACATTAATAGTATCTACCATCGAACAGATTCGTTGGGCGTCCGCAGGTATAAAACAAGCGGCCGTTCCCGCTAAGCGTTCGGAGCCAAAGACCCATACTACTCGTGGTTCCTTTCCCGCTCTGTTAAAGGCAGGCGAGGACGGACGATGTCGAACTGTGGACCTATTCATACCTGAAGTGGAAGTACAATCGCGAGCGTAGGTTTTCAAGCCTGGCTCAACACGCCCGATCTGTCTTCTCGCGGACCGCTCAACTGCCATTAGATAGTCAGGATTCATTGTAAGTTTACTTTTGCAAGCATTTTAGCTACAGCGCAGAAACAAAGAGGCTGAAGCTTTTCGGTCTGAAGCATGGGGAGAGCCTTATTCGTAAATCTTGGATACAATGGGAGCGGGACGACTTGCTAGAAAGTTTAGCAAGTGGTGCCACGAAAGGTGATTCCCATTATGCCGCGTAACGCGCAACTTAGGTCGAGGACGTTCATAGAAGCATTTGGCCCCGTAAGCGAACTTGTGTTCCAGATCACTTTGATTCAGAGGCAAGCAAAGCAGGGGAAGCATCTGCCAGAGCTTCGCTCCCCAACGATTACTTTAGGGTCCCACTAAGAATAGGATGGAAAGCCGAGGTGCAGCACCGTATTGTTGAATAATAGCCAATGGGGGAAGCGATGGCCCGAGCGGCCGACCAAGAACAAGATATATAAGGA,TCGACCTAGGAGAGAGACTAGTGCTGTTCACGAACCTATGAACTTCTATCCACGGCTCGTACGCACCTACGCGTATAAATAAGCCGTCTGTCTTAGCGCCTACTGATCTAGACCCCGGTGGATCCGGTTTCGCAGCCATAGCAGCCGAGCCTAAATCGCAATTTACACGGGGACGCTGGCAGCTCTAATATTCAATTTGACGGTTCGTACCAGGAAGCAGGTTCTCTGATCGCTTGCTCGTTGCGTCAGCGGCAACTATAGACATTAGCGTCGTTAACCCACTTGATATGTTCCAGTCCTAAAGGACCACCGCCGGCACGCACGAATTATGTCCGTGTGCCTAGATCATTGTATGTCGGGCCCGCATGTTGTCTACAAGAACGGGCCGGTAACTTCACCGGATCTATATCCGTACGTAATTAAGTGGAGCGATGCAGGTTAACTGTTTCGTACAGCGACGGAAATGTCTGTTTTTATGCACTGCTCAATCCGACTTCACTCAGTGAACAAGATGCGTCGCACACCGCGTCTAGGTGCAATTTACGTTACTACGCACCCTTCTAGGGTATTGGATCTGTGTAGTCCTGGCACTCGGAGACTCCGGCTCATACATCTCGCACTTCCCATCGGTTACTAAATGCAATTCGAGCCATAGGCAATAGGCGTTCTTCTTCATTGTGGAAATCGACCGTGAGTATCGAGGTAGCGAAAATTCACTGCTTGATGTTCTGGTGAGGTAAAACTGCTCCCGTTCGTCTCGTCTGGTAATCGATTATTCTGCCGCTGCGCCTGCATTCGGGATAGCCTTGCTTCCTCGCACCGTTCGACGATATTGGGTTAACCATTTCGCGTTTCGGCATACGAAATCGGAATTAACACCCAGATGTGACGGCGCAGACGTGAGAATCATCACAGTTTCACAGATTGCCACGTATATTCTACTGTTAGAAACTCGGCCCATTGCCTCATATCCATAACGTCCGGCATAATCGATATAACG,CCTATTTGTCCGCATGGAGAGACCAACGCCTGGCGCGGCCGCGGTAAGACGGCGTCCTTAGAAGGGTGAGGAAGTAATAATAATTGCGAGATTCCGCCCCTTATGTTCGCGAACCCGTAGCGGAGGGAGGTAGTCCCGGAGAGAGAAAGTTCACGTGTACCCCGTCCACAAGATCCCGATGCCTGTCAATCTTCCATCGCAACTAGGGCTGACCGAACTTATTGCGGTCTGTCCTAATGATACATAACGGTCCATCGTACACACAATGTGAGGCCAGAACCCACTGAGCTTCCATCTCTCCGTCTTATCGCCGCGAGCCTCGTGAGCTACGATCTCGATCGTAGGAATACGATATTCACGCAGTCGCTCTAGATAATTGCTAGACATGCCAGTGAAAGGAACGGTGTAGTACACCAGTAGAGGACCTACTGCTCCACCCGGTGCACACAATCCGGTACTCTCTAGGCAGTCCCCTCACCACACCGAGGCCGCTCGGATGGTTCGGCCGGGGTGAGCCGGGGCGAACCATTTAACATCCTCAAGTGGTTGTCTGAACAACCAGTGTCGCCCACTGGAAAATAGTACTAACCTGCCGAACTACTATTCCGTTGTGTGCACATAAAAAATTTTTATTTCCTTTAAGCGGTTCCGTCCGGCTGCCACAGGGTTGACTCCAAGGTAGCTTCTCGGTGATCTGTCGTGCTCACCCCACGCACCTATCTAGACGCCCTGCATTGCCACGCCCGTACATATAGCCACCAATCGTCACCCATAACGGACGCCAACGACATGCGGGGGGTGACAACTTCCGACGCCTTCCATTATAAAGATAGGCCATAGGTGCTACATGCACTCCAGTGGGGTTGGGATTGCATCGCAATTTATTTTCGTCATCGGGTTCCCGTCGTATCCAAACGCAGACAAAGCATGGGCGGACTGCTGTAAAAACGTTGAAAGTGGGACATCTCTTACGGTTCCTGGGCTCTCATACAGCTAAAGG,AAACAAACTTTGGGTGACTTATCAACCCTAGCTTAGCCCTGACCCCTATAGCATAACCCTTTCGAGCCTCACCGGGCTATTAGACTCTTACTCTTTCCCATCGAACTGAGCGATCTTTACCCCGTGGTTTCACCGTATTACTGCGAAAATTATACCTGTGATGTGGGATGGGCTAACGGGGGTGTCGTAAGTCCTAAGATATCCTCGCGCGGATCTTTCCAAACATACGTGGGACGCTACATAGAATACCAGGATTCACACCCTCCTTTACCAACCTCGAAATCAGGCTGTCTTTCGATGGTTTTTATACCCCCGCCTAAGAGACTATAGATCAGGTGCGACAGACTATCGAACCGTGTTAAATTTTTACACAACGACAAGGAGCTAGCGGAACCGGGAGATTCGCTTTTCGGCGCGTACGCTCTGACCAAACGACACGCGGTAGGGGAGTGAATTAAGCAAGTACCTCTCATTGCCTCTCCTAAGCCGGTCTAATCCTAGTAATCCCGCAGCGCTTGATCGAAACGTCGAAATGTCACTCTGCGTTAGTCCGCTGCCGGGGCCATATGCCCCTGTGCAGGGACTTTCGGCTGTCCATAAATCAACTCTTAACGGCTCTTCCGACAAACTGTTAATATTTCGAGCGTAAGCAATGTGGAACTAATCCGCGACCTAATTTATTAATTGTCTGAGATCGCAGGATAAACGTGGATCTAGCATGATATATTCATCAGGGCGAAACCCCAATTAAGTATAGTCTCCCCGTCGTGGCTGTCCAGCCTGTCACACCTATGCTGTAAATGTCCGGTTGGAAATTAGAGTAAGTGTACAATTTAAGCGGCCGGTCACGGAAACAGTTAAGTCAAGCTAGTGTGGACAGCTACTGTGGGGACCCCGACGAACGGGGGATAGCTGACCACCGCAGCGCAGTCGTGTAGCAATGGATCCGGCCCCAAACTTAAACCTCTACCTGATTGACCAATAAACGAAAATATGTCGA,GGAGATGACTACCGCCCACTAGAGCGGCTGGTTTTTTTTAGGGTCACACATAAGCCCCCACGGCGCCCGTAGCTGTCCTAAGAGTGTTAAGACCCTAGTAGTCCCTCTGGCAAAAAAGGAATCGGGTCTGACGGTGACCTGCGGCTAAAACGACCGGTGCCATTCACACTAATTGATGGGCCGTATAGATCGGGAGACAAGACAAAACTCGAGCACTACGCTCACATGACTGGAGGCTTGAAGCCGCGAGCCTCGAAGAAACACAGATACTTTATTAGACACATGTAAAGCAATACGCAAACCGTTCTGAAGGTGCAGTTTGCGACAGTGTGAGCGGTTTTCAACGCGAAATGAAAAGCTTAGTTTGACGAGTGCTGCACGAATACCCAGATACCAATAAAGTAGAATCGCGTAAGTTGAAAGTTAAACATCTGTCGAGTTATAACGGGCCGTCGGACCGGCCGTCCTCTCTATAGTACCCCTTGGCTAACTTGGTCTAGCTTCTCTGTCCCGGTCTACGGGGGCTGTAGCTGAATCAGCTCCAGGAATCTGAATGAAATCCTCGGAAAATAGTGATGTTTTCTCGCTTATTGCCGGGGTTGGGCCAGCTAACACCCACTGGAAAATGCAGGTCCATACCGTCTAGGAGCTAACCAAAACTTCCCCTATTATATTTATCTCGGGGCATCATCTGGCACGATTCCTGACACAAGGATCTATTGTGAATGTTGTGGTCCGAGGAGAGTTAGAACAGTTATCAGAAGGTAAGGACGTACAGCAAATAGTGTCTCATAAGCGATGTGGGTCCCGGAGGCGAGTTAGCGACGCACCTGACGCAAAGGTGTTCATTTGTGGTGTCAACTCACGCCTTAGGCAGTTTTGCGATAAAATTCTGTGCTAAATCATCGACTCTGAATCAGGTGACCCTCAGACTACGATTTAACGGGAATGTGGGTATCAAGTGCAGCATAATTAAGAGGACATCCCAACTGCTCCTATT,GCTCCGCCAAATCAATTGGCAAAAAAGACAACTAGATGCCGCTGCGCATATGATTCTGAGATTGACAAAAGAATCATGCCCGCGTCTTTTTCTTAGACGCTTGGTCATGGCTGCTAGAAAGGCAATTTGGCGCCTCTACCTTGGCCACATAACTATGAGGACAAGATACCCTAAAAAAGACGCTCTCGATAATTGGGACGCTACATTGTCGTTGTTTGAATCGATACTTCAACTACATCCGGGAGCAACAGAGTGCAGAACTCCGTAGGTGAATACCTCGCATTACACTTAGGAAAGTTGTAGTCAGAGTATCCTCTTTTAGGGCCATTGCTGCAACCTTCGTCGGAATGGGCTCCTCGTGTTGTGAGATCCGCAACGACAAGAATAATCCCGCTATTACTTCCTTCGTGTTAAACTTTCGCTCTGCGGCCTCTATGGTATAGGCTGGGATCAAGCGAAACCAGGTATCAACCGCCAGCAAGTAGAGGTATGGATCGTCGGTCACTTGGGGCCATTATCGTGTTAGTAGAGGACCGTCTACGGAGAATTGCAAGGCGCAGAGGGCCATCCCTATGCACCATCATAGACTCGACAATTACAGTTTAGAAAATCTAAATGTGTGGAGGAGTTGATTGTCTCAAACTAGCACCAGCAATAACTGACTTAAACCTCACGTCCGCATAGCAGCTTAATTCCTTACTTCACAAGCGATTCTGAGGAAGGTTAAGAACCCAATAGCGTAGATACTAACTGATTTGCCGGGGCCATGTGATGCGTTTTGGGCAGGCCTGAGCCGATGCATAAGGCGCCAGGAGTGTAAGGTGAATTACCCAGAAGCCTCGGGCGGGACGCCAGGATGTATAATTCTTCGACCCCCATGCCGTAAAAGCCTATTTGGATTTGGGTGGAGGAGTTGCGCGTCCAACTGTCTAATATTCCTACTAAAATCCTCTTTCAAGGATGATACAACAGGCTTAAAATGCCACACAACGCCATAAGT,ATAGGGCCGCCGGCGGTGGTTCTCATTTATGTCTGTGGGAGTGTCGATGCGAGTCATTTCCGCCGCTATCTTAGGGCACGGGACCCCCGCTTCGGCCAGTGCCTAGGTAGAGCGATCGCTCGCCGTTGCCATTTGAAGTCCAGTAGATGCGACTTGTCTGTATCTGCCTGTACAGCTCGCCTCTTCTCATGTTGCGGACACTTCATAATATCGTGGTAGAGCCACATGTGTATGGGTTCGAACTTCCAGATATGAATGTTAACCCCGGCAGGTCATGTGTACAGTTGCGCTAAGGAACCTCCCTTGTCCGTAATCCCTTGGGTGGAAGTATCATTGAAAATAATGCACGACTCAGTACCTCCTGTTTCGACCACGGCATCATACCTAGTGGTGGCTACTAGACCCATGGGAGCGGCCAATCAGGCCTCCATGTGAGTCCCGCGAGACACGGGATGACATAGGACTGGCGGCAAATAAGAGTTCCGAAGTGCGCGAAGGGCGCCTCTCAGAACGAGTCGCTGATATGCGCCTTTGGGAGGCCTTATGTTTGAGTTTATTCGTGCGAGTACAGGCCGTAGTAATCACGCCTAAACTAACTTAGGTAGCATAGGATCAAAGCGTTGTTCGTGAATTCGGTCTAGTACACGGTCGTCCCTACAGTGCCAGACTCCACGGGTTTATTTTAACCCCGCTTCCTAGACCGGGTAACAAAAAGGTACCCCAAGCTAAAGCCTGCCGCAAGGTTACAAAGGAGACCGCCTGATGTTCGGGTCTAATGCCTATATTAAATCGTCCCGAGAGCTGAAATTAGATAACGGCTGCTTATTTCGTAAGCCAATCCAGGGAGAAACCAACTAAAGACGTCTAAATACATCACGATACGTTAAACCAGGTTAATCGGGTGTAAGTGTGAACCCGCGTAGCCGTAGTACCCTGACTACACCCGGTCCGTGCCGGCGCGCGTTAAGCCTCTTCGCCGCGATACAGGGCATATACTTTA,AGAGACACACTACGCTACCCAAGGCCTGCCGAAGGGGTGAAGGGACGTATCCACTTTACGCGGGGGGAGTCTTAGAATCATATGGTCCCCTCGACCTGAATACCTCGCGAAAATCACGTTTTGCATCATTGTACAGTTCTACAAGCTGCTATAACAAATTAGGGCTATCCATCGCTATTCATTAGGGAGTTCCCGCTAGGCTGATAGGGTCGCGGTCATGCTCTGTACTCCGTGGAAGGATCGCAGTTTGACAAAGAATTGTTCGGGAATACATATACTTCGACGACGACTCTTTTCAATCCAAATCCTGTTGTAACTTTCCGGAGTATTGCGAACGGCATCTGTAAGTGATCATGGAAAGGGGTCGCAAGTTGATAAAAAGGTCTCTCTACACGACGACCTAGGGAGCGCATCTGACCACGGAATGTTCTTGACTTCGCAGCTGTATTCAAACGTACCAACCAAATGCCGCGAGCCCCCTAAACTCGCGTAAAAGTTCCTTTCTATGAAAAAAGGTGTGTCGACACCTGGCAGATAATGAACTAAGAATTACACAAAGGAGTTCGATTAATTCCGAATCGACTTTTGGCGTGCGAATGCTCCCCAATCCGAGGAATTGAAAGGTGGATTAATCCTAAAGAGCTGCGTATCGCCCCCGGAGCTATAGCCAGAGTGGAGCGCTCAACCTATCGAGTATGTTGTGGTAAGTCTCACTCGCGATAACATGCTACTCGTTATTCTGGTCTTTACTCGAAAAAGAGAAATTCGTTACATTGTCACCATTCATGCGCCCTAGCCTAGGCTCATTTGATCGATGGGTTACTCCCTTCTCCAACGTGGGCACAGGTACCAAGTTCCTAGCTGTAAAATGCGGGGTGATGCGGGCCGCGAGAAGTGTGTATTAGGTATCCCTAAGGTCAACCTCGAAGAAGACAGCCTGTGAGGGGCTTTAAGTTGCGACTCGCAGTTTACGCTTATAAGGTCTGTGACAGGCTACGTT,ATACTAGACGTTACGTCGTGGTTGCTGAACTTTGTGCGCGTACGGTTAACACGAAAGTTCAATGCACTATTCTAACAGAGAGTAGGGGAGTATCGTACGCACGACCATGATTATCCCAAGTTTTATAGTGTAATGGCCACATAATAGCGACCGCTCGCGCCGAAAGGCCCTACCTTCAGCCTTAGCGCCTGAGGGAGAATCCTAACACCAACGGTTGGCCTATAACGAGTAAGAAGTAGCTGTGCAGTTCTAAATCCCCGACCACTGGGAAAAAGGGAATGATTGCCCAAAAAATCTCAAGCACGCGTGCTGCACTACGCCCCCTATGCTGCGCGCAGCCGGGTATGCTTAGTCGCGAATGGCAATATAGATCCAGCCGGTTACGGTACTCGCGATAAATCTGGGGTAGCACCACCCCCCTTGGCACGGGGTAGAGATCCTCGTGGGTAGTGTTTGATGCAGCATAGGTCCCATTTCGGGAAAAGATGATTTTGTCCGGTTACTATCTTCCGGTACAGATTCCGTTCAGACTTCCGGTCTGGTCAGAAGTAACCAAATTATCCGTCATGAATAGGAGAGGAACCTGTCTTACCTTCACGTACCCCCGGGGCAGCTTCTATGCTAGCGTCATCATTGAACCGCTAGTCCGCCGATCACACCATCTGCGCACAAGGCTGACGGGACCGCCTTCGCGACGGATCTGGTTACAATATACCCCTTAGATCGGAGGGGCGAACGGCTGAAGTATGGCCACGCGCAGGTTGAAGTTGTACATAAAGGGTCCGTCCGTCTAAACACCGCTAGTGCTTGTTTGGCCTTGCTGGACACACTGATTGGCCCGCCGATCGCCTAAGTGAGAATGCCTATAAACATGGGAAAACACTACCATGAGCCTTCTCGCAAAGATCAGTTAATGATTTATTATCACCTTTCCGTAAACCTTAGCAAGTAGAGGTAGAATCCGTGTCGAGCGTTTTAAGATAGGGTCCCTAATAGTATT,CGGGGTGTAATAGCGTATATTTGCGTAAAGCGTGTCTGATTAGTTAAGCCGACGGTCGGTGATGAAGGACCAATACGTGGTGACACTGAGACAGTTACGGATTGGCCTGCCTTACTTAGTTTCAACCCAAATACCAGTCCACATGATGTTTTGAATAGTACGATTTTGTGACAATCGTCACGATAACACTTTTACGGGTTGCCACAGATCTGTAAATGATTTTTCCTCCACAAGACTCCGGTTGCGCAGCTGTTCAATGTCCAGGCGAAAATATTTTTTAAATTTCCCAGATTAACCTCATATTTCAAATAAATTGTGGTCGAAGGTCGTTCACCCTGCGACGCGCTATTGTGACTTGAATCGCGCCCGGAGACGCCAGGAAATTGTCCACGTGTCTGCATGCTTTGCATTTGTCTTAACACGTAGGTTGATATCCAAAGTCAGGAGCACCCCCAGAGGGGAGTCTTCACAGAGGTCGGAAATTGAATGGGATTGAACAACGAAGTCTTCGATTCCTAGGTATACGCTGCTGCACTGTCCGTCTATGAAGCTTAGAATGTGGTTCTGCGTCCTTGATCTTAACTACTTATTAATGTTTGTCTTCGGACGACGGTTCGACAGCCTGTGGGTATGGCTCAATGAGTAATAGCCCGCCGAAACCATGCAGAGTTAGTAATGCGTTGGTTTAGAACCTATTCGATTTGTCGTGTTTCTAAACCGTATTGCCGCGGTGGGCCCAGAAGCCTTTATCACCATGTCTAGGGTCAGTAGGGCGTCGGCCGTCGTGTTACATGTACGATAAACAGGTCTCTCACGAGTACCTCATGGACAGTTGAGGGCGCCCGAAGACTCGTTAATTAGCTGAGTCGGTTTATTCCTTCATACCCCGCCAGGTGATCCGTTCTGGTCTGCGGACTATTTACTGTGGCAACTGAGCCGGCTGTCGGCAATTTCCTTGCTATAGTCACCGTTTCCGAAGTCCGGAGCACTAGCAGTCGGA,GAAAAATGGTATGATTAGACGTTGTGTATAAGTTTCAACAAACCCGCCTCCTCTCCTTCAGTTACGGTTCACGCATCTCTGCGAACGAAATCGTACTAGTGGTGCCGCTGTGAGACCCACGACCCATCACGGCGACAATTTCTGGTTACTACTGTATCCGACGCCAGCGACGAGACAGTAATCCATTAGAGAAGGGACACTCACTTGTCATATCACATAAGAACGCAGGAGAAAACTACGACAGTATGAGCAGCACATCTCTTATTAACGGTTACATCAAGGAGTTGAATCTCAGCCTTGGACACTTTGTCCCTGGTTCGAACGGAAATGCTGTTTTCATTCTATTTCCCCCCAGAAACGACAACAGCCCGCAGACTAGCAGAGCACGCGTCATCCCAAATGGGGTGCAGGAGTACGATAGTTGTTAGCCCACACTCTTACTCGCGATTAAACTTGCGGTTCCTTTAGTCTTGAGAATTGCTCAGGGGCTGTGCATTCTCTTGTTTCCGCACAAGCTCGCGCGGAGGACTGTTTGGCAGTCTGTCGTTAACGCGGGTCCATAGGGCGGGCCAGGATGTTAGGCAAAGAGACTGCTCTGCGGGTGTATCTCGAGAACTGCCTTTGCGGCAAAAACCGGAATCGAGATCGGACTGACCTAACAGCGAGAAAGACGCTGCGCGGGCCTGTGCCGCGTCAAGCGCTGAGCAAGGCTTGCATCCCCCACTAGGGCGTTTGACCCCCGGGGCATCATTTGAGTACCTCGTCGATGCCAACCTGCTCGTGTAAGCAAACGAGTTAGGCTACGTGCGGAACGGAACCCACGAGCCGACACTCGTGTTCGTGGGAAGAGCAAGGTTCCTTGACAAAGCAGCGTCGTGAGGCCTCGGTCGCTTGACGTAGCTTCGGATATTCTGTTGTAAACGTCAGGTTTTTCGCGTCCGGCACACAGATTTTTAACTAGTTATACGCAGGAAGATGTCATTATTCGACACTAGACTCG,TTTCTGTCTCTAAATGCCGCAGATCACAAAATCATTGAGTTGTAATGCCCGCCTCATAGATCACGAGTCTCTGGAAAAAGTGAACATACCAGATATACCTCTGGATGGCTTTGTCGTGCGCTCGCGATCTCGAAAATGCGGCGGAGACACGTCAGAGCTCTTCTCGCACGCTGGATGTCCGAAACGAGTTTGCTTCGCGCCTATGTTGGGGATCGACGAGAAGCAAGGTGGCTTAGATGGTGTTTTACATAGTTTTAAGACCCTAAAGTTGCGGATCTGGGCACGGCCGTCGGGCAGTTCGTTTCGCAGATCGGCTTTGGATACCCGCAACCCTCCCTATAAAGTCCACGGCTAATTAGACATAGGTATCAGCAACATATCTCTCAGTATATATTTTACTTTTTCCCTATGTGCAACGCCCGTCATCTGTGATCCACATTGAGAACGTTTGTACTGTCGAGAAGAGTTGGCACACACTTTAGGGTATTCACACTAGGACGCACCGAACCAATTATCTGCTATCGCAGATAGAGAACGTACACCAGGAAGGCCGTACAGACGTACATACATCTCCGCTGCTTGCTTTTCAGAACTTTGTTATATCCCTCTTGGTTTGCTTCTGCCCCGGGGGAGTCGTTGACGATTCTAACTAGAGCCACCGCCACCTTAAGTCTTATAACTGGAAACGTTCTTCGAATCCTTGAATGGTTAAATACAGCAACTCGCGCGGGCCTGAAATCCAAGTGTTAAGGCTCATGATGAGTGATCATTACCTTTGCTATCTCTGCTACCCTGCTCGTCTAAGGACTTTTACATCGAGGGTGCTGTTGCCGTGACCTGGTTTTGTAAGGGACAGCCTATTGTGAAGGTAAAAGACATGTGAATAGGTACTTGTCTGCCAACGGATCCGGTGCGGACCAAAGGACAATAGACTGCTAAACAAGTCGAAGCGTGGCCCCTGTGGACTCGCTTGGCGGGTTGGGCGTGTAGCACATCCTCA,ATGATGCGTCGTCCTTTTCATGGGGCTGTTCGGTTCATTCGTACCTGCCTGCACGTCCACCGCTTTAAATTAAGCGTTAGACCGGGAATTATTGTGCGGCAGTTGCACCCTGCTTCGGAAAGTAGCTAGAACCATTAGCCCGCGGCTTAGGCCTCTCTTATTTCCTCAATGGACAATGTGCCTATGCTTCGATCCTAGTTTGCAGACCGTAGTCAGAGAACGTGGTGGGTAATGATGACGTTCCTAATCTAAAACCCGTAAGGGACTTTCCTAAATCTTGAGGCAGGTGGTAAACGTATGAGGGGCGAGTTCTACAACGGAGCGGGGTAATATCTCGGCGAAGTCTGGTTAGTAGAACGATTAAATCTGGTACTACTCTTTGATGGGGCTCGTTTATTCCGTTCCCCTTGACCGGTCAGCGCTGTGCAGGCGTCGATCCCTTTTGACCAGCTAACCTTCATAATCTATTATAGGGAAAAAATTTCGCAGATTTTCTATCGGGCCTAAACTTTTTGCAACCTTTTCCCAAGGAAACTGTCCGCTTGACTTGTGATACACGTAAAGATCAGTCCCGCGGCAATCCTTAGTGTGGTACTCTGCAGGCCCAGCGCGGGTAGTTCCATTGGAGATGAGATGTAATCGATATAGCTACAGTCAAGTGGGAATAGTTAGGGCCCCATCGGTTATGTGCCGTGAGTCTGATCTTCGATTACACACAGCGCCTCACGCGTCACCGGCCGTTCGATTAATGCTCGACCGCAAAATAGTAACATAGTTTGAGTCGATTGATCACCAGCCCAGGGGTGTGGCCCGGTGGACAACTGACTTATACTGAGTTGGTTTTCAATCCCCAACGTGTTATACAGTCAATTTGTGGAAAATGCGCAACACTGAGGCGCTGCGTGCTCACTACCTCTTGTGTATTAACTTGAGGGGGTTGTAAAAGTAATGGACGAACTATGTTTTCGAGTGTATTATGGGTCTGCACAATGCGTACATT,TCCCTAGACCGACGATTCAGAATGTCCATGGGGAGAACATGTTCTGTCCACTCTGGGCCTTGTCAATTTGACACTTCCGACCATCCAAATAAAACGCAGGGTATTATTCTGGTAGTGCGGATTGTGCACCAAAAGCGCAGAGATATAGGGCCATCCGGTCTGGCGGATAGTCTATGAATTCATGGCGGCGAAACCTCAGTAGTGAAGCTCCTAGGCCTGCTACGCCACATGACCGGGTGTCATCAGTTCGTTACGGGCCCCATTCTCAGTAACGGGAGATTACTAGGACCGCATGCTATTCTCTGCCCTCACACTTACTTAGCTCGTTTTACTGTGGCATGAGTGCAGGGTTATATCCAGCGTAGGTAAGTGTCAACTCGATCCTATGTTCCCACCCGAGCTCCATCTTATTGCGTCTATTAGTATGTGGTATATCGTCATCGATCGGCAAAAGAGCGGTCAAAGGCGACAGTAGTTCGTTAATGGCCTTCCGGCCGGTGCTTTCCCGAACCGGCCCTTAAGGATGCATTCATTGGTTATGCAGTGCCTTTATTAAGTTGCCCTAGCGCCAGTCTGGCTAGAGGCGCAATTTCTATGGCCAAGCATCTTTCTGACTGTCGTCCCCCAGGGAGACACCATCTGCCTCAATATCCTATAGAATAATTTCTTCGGGGGTGGGTATTTCGTGTTCATACTAAGTACACGCACTATTGGGTCAAATGCGGTACAGCCTATCTTATGTGCGTCAACCGTGCATTTTTTGCTACTTGGCCATTCGTCTAGAGGAGAGCAAGTCGTCTCCCCACAAATACCGTAGGTGATGATGTCGAATATCTCGGATGCGTAAATTACTTGTGTACGACGTGCCGGCAAAGTGTAGCTCAATGGCGAAGGGCTTATAATAGACACGTTTTTCGGGGACGCCCAGTACTTGTCGTGTGTTAATCAAATTCCAAATCTTAGTGTGGAATCGCAGGACGGACGAAGCTACTCGGGTCGT,CGGTTATCTCACGCCCGCGTCATAGGACGGAACACTCTGCCATTAAGTCAGGAATTGGGAGTGATTTCGCGACCTCCTTCCGGAAGCTTTCCAAGCGATCTTGTAGAAACGGCATGAGCCCGTTAGGATACACGGAGTGAGGTTTTACTGCGATAGATCCATATCCATTGCTGGGGATATATATGTAGGTGGCGCCAAGGGTAAGTTGTCGGATATCCTTAAACAATGTTACGCCAAAAGTGTGTCTGGGCAGAACTAGACATCAGGCAACGCGGCGTCTAGGCTACTGTTAAACCGATGAGGTCTTCAAAGGTATATGGCCCCGGGCCGCAGTGTATTCATCCTGAAGAATACATTCAATGCGCTGAGCGGGCATCATACCCGCATAAAGAGCCGCGCCGCCCTCCACCGTGTCGCGTCCATCCCAGTGCGATCACTGTTCACCATGTTTTAATCTCATGCAGCCGGAATGACTTGAGCAAATCCGAGATACTACAGGATCCGTAAGAGAAGAACTACGCATCTGGAACCAACCCTCCCCATTCGTCTCATGGCCCAAGTGACGTCAGCTGTCCAGAATACTCCTAACCGAATAATTGCCCGAGGCAACTCTTAAGGATGTCTACTGCCAGGATCTTATAGGTGTAGCTCGCTGGTTTGACAATCACACGTCCCCTGCGCTGACGTCGTGCACCTATCACCTGAGAGAAGTAGTCCGTGACCGTTTACTGCCCTGAAGTCATGTACGAATGGATCAAGGCATCTAAAGGGGCGCAGCGATATCGACGACGATAGGATGCGAACTGTTAGCTACTCCATGCCTCCGAAGAGAGACATGAAAATAGGGAATGAATCTCATGTGCCGAATTTATTGTTCCGTCTACAAGGGTCGCACTCAGGGATCAAACGGGAGGACACTAGCCCGAGGAATAATGCAGCGTAGGTGGTTGCTATAACGACGGCACAACAGCAATCAACGTCGTTCATAAGTCAGACGTAC,CTCAAGCGCTGCTCAGACAAGGTGTTCGAGCCCTAGGTAAAGTGGCCAGCCAGGAGCCTTCCAATAGGTAATCGCCGCCAACAGGCCTGAAAACGATCTCATGGTCGGGTTGGGAAGTACCGCAGCCTGAGGGTTGAGATGCCGGTCCCGTCGTCTTAACTTTGATGCTCTAAGGATCGACGGCTACGGCGATCGTACAGTGGCGCATGGTCATCGTTTTAGGTACTTGGTTGGATGAGCACCCAATGTTTTCCGCGGGCGGCGCACCGGGTAGAAGGATCGCTGAGGTAATGTATCGTACGGGGTTCGGCTGTATGAAATACATGCATGTCAAAAGCACTGTATAAAATTGCACTAACCCGGGCCCAGCACTGACACACGATGTGATAGACTGCAGTTGAGCACTCACTCGAATGACAACCGCTCCGGTCGGGTACAGCTCACCGAATTTTTGGCATGGTATTATTAGTAACTTTAGACACCAGTTAGACATGCGGACGTGGCTTACAGTCAGTTAGATAACATTCATCCAACAGGTATTCTGGTTTGCGAGGGACAGGGGTAGTGGAAATATTCATACAGCTAAAGGGGAACCCATAGAACCACTACATAATGGTAGGGGTCTTTGGAGATAATAGTTTAACTGGGCCAAAGGTTCCTTGGGATCGAATTGGACCAGTTCTAAATCGTAGAACAGTGAACTATCGAATTTCCGCCACGGCTATAATTAGTGACTCACGGCAAAGTAGACCGAGAATGTCCCCGAGGCGTTCGCAAGGGTTACTGAACGCCTTAGCTAAATATCGGGTGGAACCTTAGGCTCACCTCCCGTCCAGAACCTTCCGAAGGCGAATTTCTCTTAAGGTAGCAAGCGTCAGCGTCAGCGTGATATTTAGTTCGAATGTTGCCAGAGATCAAGCTATATTCCGGCTCTTATCCTTGCAAGATCCCACACGAAACCAACTGCGCCCACTGTGACGGCCTGGATCCACGTGTTCTC,ACCCGAATAGCAAGAGGTTTCCATTACGAATCAGTGGCACGCTAGATAGTTATCGATGGTGCGCAAGAAGCCCTTGTGCGCACGACTACAGCACGAGTACAGGGCCGAGTAGAACTTTTAACGTATTTCCCGCTAGGTTGAGCACGTTACCTGCCTACAAAGTCTAGCGCCGACTTAATTTAAGCCGTCGACGGGGCGGGAAATATTCCAACTCGACGGAGCCGGTCCGGTTATGAACCCTCAGGCAGCGCCCAGGGCTGACGCGATCCACCAACCGGAGGTGGCGGGCTCGTCCAGTCCCACGATCTATGTCTTCCAACGCGCCTCAAGGTCTCGTCGTTAGGCATAAATCCACTACGTGGCTGACGATGGCTAAGGAACTAAGTGCATCCGCCTAAAACCATTTCCAATAACTTCAGTTGTCGAGCGGCCCTGCGTACTAGTCGAGCTCCGCGTCGCAGGTTTTCAGCTTACGCATAACGTGTGTGTGCACAGTTTAAACCAACCGATTCGTGGGCGGAATGTCAAGTCCGAAAGAACGACGTCCAACTCCGTAGGCGAATATAGGCTCCGGGCTGAGACTAGCCGAACGTAAACGGGTGAATATATAAGAGGCTCTATGCTTGTCGACACCGCGCGCGAGTTCATATGATAGGTGTTGCATTGGTGTTATTAGTGGTATGGGTGACTATACTTAAACAACTCAGGGCATACTATCGATGCCACGTAAATGCGAGCCTATCCTGTACAGATGGCGGCATAGTGATGACGCCCTTTCTCATCCAGACTCACTGCGGGCCTTGGGTCACAGATCCAATAGGAGGTTAATACGCCGCGTTGGTTTGTTGCTCCAACGCATGCCACCCCCTATACAGCCATATACCGACTATGTGTAGCTGGAAACCTGTTCTCGTCGATATATAGACTATATTTGAATACGGTAAGCGGTATAGGGGGGACGTGGCACCTTCGATAGGAGTGGGGCAACCTCCCAATCAAA,TCCGCTCCATACTAGGCAGCGGGATAGTTTTCAATTCAGCCATACTAAATGTGCGCCGCGGCCCGTTGGCCACAGATGTCTCTCTTACCAACTAATCCTTCGGAGTCCTTATTACGGGTACTGAAAGCCTACGTAAGTAGGAAGTGAAGTCTAGGATGCCGACACAGACGCGATGTGATCGTTGTGTTTCGGGAAAGCGGACAGGCAGCTACTTTGTGTACCGCATCTTGACTCTACATCATTCATGGAGCGGGGTGTCCATCCCAAGTATATTAACCCTCTTAATTATACACGGTTCTAGTCTACTAACTAAGCTTTAGAATCGCTTTCGCCCTTGGCCTTACGCCGGAGTGACGAACTGATCCCCCCATGGTATTCTGATTGCCCGGCTCCACGCTACAATGTCATTACCAGACACCGGAACCCCGTCCGCCGAGACCTTCTAAGCGTCAAGCCTAAGATTCGTCCTCCGAGGCCCGGTGGAAGCAGACAAAAAGACTGCCTAGATCAATTGACTAATGGTGGCCCCCGGGTCTCGTGCTGCATGCGCTTGCGTGACTCTAGATAACTCATATGCCCGCTTAGCACTCATGCTACGCGCAGTCTCTCACGGCTCAGCACGTGGTCGGCGCCTCAGGAGTATAGCATCAGACCATTATGGAAAAGGGGGGGAAGCTCGACTTCAAAGGCGCGAGCAGGGTAAGCCCTGAGAGTTCGGGGCACAAGTTGACCGGTTTCGCAACGCTATAAGCCTGCACTTAGTCAGCTAAATAAATAGTGGTGGAGGCAGTACGTGCAGCTGTATATCACATTGGCCGGGGTGGTGCACCGGCTATGGGAATAGCTGATGTCCTCCCCGATCGATCTCTTGCCAAAGTCTGATCACTAGGATTACGCAACATTCCTGTAGAGGGTGATAGACAACAACAAAAACACAACCAGCAGACAACTCCAGTTGCCGCAGACGTCGCATCACCGCGGGTATAGAACACGTACATAA,2c75f3e4-d3ff-4af8-95b8-bba95f1d7a3d,M,TATGTGCGCCTGGATATCGCGTCCTCCACTATCCTCATATAAGGCGATGCTACATTCCAGAGGCTTCGCACTAAGTCTGACCCCGATTAACAGGGCGACACGAGCCTACGTCGGAAGAACTGGCGCCCAACTGCGCATTGTCACAATTCTCGACGGCACCAAGCGACGGCGTTGCCGTGATCCTGACAGTTGCATATGTTCCTCTATCCTAGATTGCGATCCGAGGGAGCCTGGTGCTATGGGTGTATGCGAATGCGAATCGCTATGAATTATTAACAAAGATAACCTACGGATACTATTTCTACGTCCCGGGTACATCGGAGGACTTGGGGGAGGATTTTCTTTCCGCGTTCGACTAAGTCACGTGCATGCTGCTCGGCGTACTAGCCACTGACACACTCAGCATGAGCCTCGACACTGTGAACTGGCTAAAGTTTGGTCTGGGTAACTTACCAATTGCGACAACAATGGTTACGTCGTGACCTGCTTGAAACAGTACCATAAATGCTACAAATGCCCTGGTGTTTTTCTCACATAGGGTGGCGCGACGACGTCACGCATGGGCATACAAAGGTTCCGATGCAAGCATAGGGTACTGGAAAGGGCTGGACCCACGGAAAATGCATACTTCCAGAGTCCGGACCTCCTACGACGCAACTAATGAATTTACCCCCAGAGGTGGATAATTTCCGGGTTACGCTCCTACTTTAAAAGATTGGGCGAGGTTCTTCGGTATCACGTGCCTGATATAGCCTGGTGAAAGTAGAAATTGTAAAGGCAACCTAAATACCCTTGAGAGGAACTTCTTGATATTAGTAGGGGTTAACTTGACAGTTAGTTAGTGCTTGCAACTTGTCGCGACAGGGGAACAGTCTCGTAGGCCCTCTGGAAGGATGGCCCTATCCAATACCCCCCGGGACATGATAGGAAGAGGAAAGGGTTTGGTTTAAACGACCGTCACTCTAGCGAGTGCGTTTTCTTGTAAGCAGCGTTACACCAT,AACTCGTGAACTGTCGGTTCTGAGACCGGCAGTTTGCGCGGAGCGGATAATATACGTCTTAGATTGTTGTCTTTCGAACAACCGCCCCACTAGTCGCAAGGAGGATGGAGCTGCCATGACGCTCGATCGTGCCAGGAGAACTATGGAGGCCGCCCTGTGCCCACCCAAGTTGCTACGACATACCGACTTCATGCCCTACCTAAGAAATTGCTTTGCTGTCGTAGACAGCCATGATCAGTGTCAGGATCATCGAGGAGGGACTAACATTTTTTACCAAGTCTTCATTTGTTGCCGCAAGAACTCTAGAACTTAGCCGGCTAGTAGCGCGGAAGCCCGCCTCTACTTGTATCGGGTATCTGGTTATGCAACCCGGACTTTCACCTCGCAGATGGACCCAAGGGGAAATCATATCTGCTACACATTCAAACCTGAACCACCCAATCGCGGCTCTGGTAACAGGGATTAATTGAGTTCCAGAAGAAGCCCAGTTCATATCGGTTGAGGACCTCGAAAAGATAGCCTGGAGCTGGCCTCAGATCCGCAACACGCGGCATTAACCGAGTCCCAAGTGAACAGTCAAGATTACGCACAGATCAGCCCGCACCGGGAAAGCGATATTCATGCCCGCTACCCATTGTCGGTCGTATGTTAGAAACGTAACCGTAAGCCCTCAAAGATTTACCTGACTCGCAGAACTCGGATATGCGAAAGGCTTACTTGGACTCTGCATGCGCAGGACACCCAGCTGGTCACGGCGTCATGGGTGTGATAGATATCAGAAGATCTTATTGTGCGCGGAAAGGCGCCGGGCTCAGGTTGGGCTCCATTCAGGTCCTGCGACTGTAGAGCCGGTTAACTTTCAGGACACCTGAGTTGCATCGGTCAGGCGAGAGCCTCTGGACATAAACATAACAGTATGACAATATACGTGTCTGAAGTCAAATCTCGCTCGAGTTGTTGACACTCCTTCTCGAATCCACCTAGGGCCTGCACCCCACGC,CCAGTCGAAGCGACTCGCTTCGATTAAGTTATACGCTAATTTCACTGACGACACCTGACATCACCCAGGACAGAGCGTTGACTCCCTGGGGCATGGTAGGGGGAGGATATTTATGAAGGAATAGTTGATGGCCCACCACGAAGTACCAAGTCTTTCAGGCGCAGCCGCACGACCCGAACCACCTTGGGCGTGGCGGCGAAATTAAATCTATATGGAGAACCCGGCAATTGACATATAATGAACAAACTACCAGGCCAGCCAAGGGCGCTGATCACACCAACTCCGGGTCCGCAAGCCATAAACCAGAGTCCTGGTAGGATCCTCCTTCAAATTAGTCAAACACAGTGGAGGGACTAAGTCGGTAGTGATGGACCGTTGAGTCTAGTAGTATAGTTCGTGCGGCTGGCCGCGTCCTTGCTACTTGACTTATAACTCTCGGAAAATACTGTGTTCTCTCCTGCCTTTCCATACAGGTTGTGGTTGTAAGTTCTTAAGACAGTGACAAGTCAACGCGTGTTAGACGTGATGGAGGGGACCAGAAAAACCGCGCTAGCTGATGCCGGCCGACATTCTCAGTGTACTCATTTAGGATTCGTATGTATTGGCGTTATTCGGAACTGTACATCAGAGTGAAACGCATAAAAATAACAGGTGACCTGTAGGGGTAGCGCTTGGGTGTGTGCGGCCGACCCTCGTCACCCTGTTGCGTGATGTGTTGGGCACGAGTGGAACTAGAGTACATGTGATGGCGTCCCTGTGCAGCCTTGGTGATAGTCAAACGAAACTTGGCACTTACGGTCTACGGAGACTGATATTGGGTTGATCCCATACACCAGAATATGGCGAAACTTAGTGTGCATAATTTACGCTGGTGAGAGGCTGAGCAGTAAAGTAAGTGAACACCTGAACGACTAGGTTCGCCTCATGTTCCCTAGAGTATGTTGTAGAAGATGAGCGATGTTTGCGCTTCACCTTTTCTCCCCTCTTAAAGCCCCATAGT,CGATATTGCTACCGTTCGATTCGAGTAGTAATTTTTCGGTCCCCAGTGCCGGCTAGGAGCTACGTGTGTAGAGCAGTAGACCGTCCATGGTAGTCCATACACTAGCAGGACTGATCATTCTGAATTCGTATCTTTGAAACTTTAAGCTACTGGCTGAGTCGTGAATGCGCAAACCCCTCAGCGTTAACTTGTATAATCTTAGGAACCATCTAAACCTCGTACAACTATGCTATTAACGCGCCCTTCGATGGGTACTAATGTCCAGTCCCCTGGGACAAGCTCCGGAAGGGGCTGAATCGCAGTCCGGCGCGTATTGGAGCCGATCCACTGCGGCCTGTGTCACTCACAGGGACCCGGTTGCCTTGGGATGCACGAGCCCTCACTTTGACATAACTGGAACCTACGACCCACGAACTTGCGAGCGTTTATAACCGACGCTCTCTGCAATCGCCACGCCCGATCCTTACGTGATTTCTGCCCACATCCCCAGCCAGTAGATCGTGCTTTTCTACGGTCTGTCGGGGCGATGGGGTTCAATGTACATCGTAGGCGGCATATTGTATTGGCGCGAATAAGCCCCTCGGCGGCAGCGGCGCTAATCAAGATAATCGGTACTTGTAAACACACATAGAGCGAAAATACCACTAACTCGTTGTGGTACAGGCCAGCTTGCAGATTGGGTGCGTCGTAGCAACGCCCTAGCGTAACTTCAGCGAACCGACGCTATTATAGTACACTAGGGAGATCTCGAACGTTCAGCTGGTGTATAACCGCCACCATCGCAAGCTAACGATAAAACACTAACCCTGAATTCCAGTGGGTGATCCCTGTACATCAATCAAGATAACCCCATTCCTAAGCGGTGCTCGATGAATCGTCTTGGGACAGGGACTCGACCTATTCATCATGTGCTCGGGTTGCCTTGACGGGGTAAGAGTCCAATGATATTTCTCCACATGTGATCCGCAGACCGGCTGTCGGCATGAAAACTAAAAGCATG,TCGGTAGTGTGGTCCTTAGGTTAGGACCCATTTGTTGCGCAGGCGACTTAGGTTGGTCAGGCTGGGGGTTGCTCGTAGAAAGATTGAGTAGCTCGGAATTTCCGTGCTTTACTTGGCCTGTCCATAGGTGTGGCGATTTTTCATGAGGCAATAGCTCGGCTCGCTACACGTTCCCGAGTCACCGGTTCCTGTGAAGTCAATATCCCGCAGATTCGTTCAAGCCTGCTGCTCTGATCCCCGATTTCTCAATACCCCGCCGAGTGTGTTGTCAGCGTTCCCACATCCCAGCCCAATACCCTACCTTCAGGTCAACCTATGAACGGTCAATCAATCTAGGGATGGCGGGAAATGGATGATCTTCAGATTTGCCGATGCTAATCTACATACAGACCAGCGCAATTCCTAAACAGGCTGTGTCCCTCGACAGAGAAAGGCACTGACTGTCGATCTTATAGATTATTTTCCCTCGCCAGAGGTCTTAGTCAGTAACGGGAATCCACGACTTTGCACACACGGCCAGGGGTGAAGTCAACGTTCTGAGCGCCGGCCCTAGCGAGCCAATACTATGAAATGAGTGCTTAGATTTGATGATAATCGTCCTCCAAGCGCCGCACAAATTTTTGTATGGTGCTACCAACCATTTGGGCTGAAGTCTTGATTTAAGACGCAGACAGTGCAACGATCATACGGACTTCACTCACCTTCTTGATCTGGGTCGACGTTTCACCGCCACAGATACGACGATCCCCCGTTTCTGTTAGCACTTCAAGGAACGAGGATTGTTTATCATCGACTATATGTTAGGGAAGGACGGCAGTCATAAATGCTAGACAGCTACAAATGGCGTTACCTGGTTATTGCTGCATTCGAAAGTGAGCAATCGGTTCTCTCTCCAAGTGTCCATTACCGTAATTGCCTCAGTGAGTTGTGACTAAGCGCAACGTTGACGAACTTAACTGCGCAGGTAGATCACTACTCGGTGCGGGTTTTCGGGCCTTTA,TTAGCGCTAGGTTTCGTCGTTAACCACCTGGATCGGGTCTCATCTACAGAGATTCATGTAGGCCCTATCCTTGAATTTCGGCACATTGGGCTATATCGTTACATATTAGCATCCTGATAATAAGGCTTCACTTTTAACGAACCATGGTCGTAACCCACTATCAACTATTGCTCATTCTCTTGCGCGATAAACATAGGTCTTTCTCTCACCTGTTTTGGGGTTCCCAGGTGTCCGTTGCAGCTTGACGACGTAGTGATGCATATTTCTCTGCCGTGTTGACTCGCGTCTGTTGGGAGTAGGTAGACTGCTAGGCAGCGAGCGTATGTGGGCCCACCCTACCTTAACTAGAATAGGCTACCCTCTTTCCACTAATCGAGAGGTCGCAGTGGGTTTCGGATCTGTCACTCAAGAAAGCTTTCTGCCGTCGCTGGGTTGGAACGGGCTACCGCCATCACGACCTGGACCAATATGTCGTAACGTCCCTGCCGAGGAGCGCGACGGCGTTACCCTTGTTCGGGCCGCCGAAACTACGGGCCCCAGGAGGCGTCCTTTAAAGAGTGTAGGTAGGGCTATGGCACACAAGGGAAATTTGCGATACGCTTGCTAATGCAGAGTACGCATCTTACGTCGGTAGTACTACTAAGTGTTATTGAATGCGCCAAGTCCAGACAATCGTCGTCAGTAAGCCCTTTCCCCACCCAAGGAGGTGCATTCTGCTGTGGGCAATCAAGACTGTAAAACCTCTGTCGTAGCCGCTCTCGGCTGCAACGACCCTACCAGCCGCGGCTAAGAGGGGCTTGATGTGGTATGCATTAACGTACTAGGAGATTCACAATCGTCCTACTGTTGTTGCAGTCGTATAGGTCGCTCACTAGCCAGTTTACTCCGGGACGGTTTCTTCTGGGATGCTCAGGTAACGAAAACATCTATTATAAAGCTACGGCGCGTCTATTTTCTTCCCCTTAATCTGTCAGTCTCAGGGGTCCACGATAACCAAATT,TGGCTAGTCGGTTTTTGCGGCTTTAGTCACATAACTGGAAGTGTTGTGATCTGTCCTTAGCACCTGAGCCCACCATCATAGGGAGCTCTAACCGTGGGCATGCAGTCGATCCTGAGTACGCCTAAACGCTCCTTATCCCGAGATCAACACTATGATCTTGGCGTACTGGACCATGCTCTCACGACTGCCTCCGAGTGGAAGAACGTACGGCAGGTATTTTTGGGCACACGATACGGATTCACCCTTCCTTCATGTTTAGCGGGCGGTAATTATTCATGTTTTATTGCCGGATCCTCAAGTTCTGACTCCTACTAAGCCGACAGCAGCTAGGGCGCCTCAGGCAGCTTACTTTCCAGCCATCACCGCGACCTGCGCCCTTCAGCAGATCTGTTGCCAAGACATCCCTACGAATTATGTGCATTTATGGTCCACTCTTGGGAAGCGCCCTTCCTTAAGCGAAGGCATAAATAGAGCTCATTTGTGGGTCCTTGGTTGTAGATGGTTACCAAGTCGGGAAAATCATTCGGCCACATGACTGGCAAAGCTGCGACATCGTTGGTTAATTAGGGTCAACCGCATCTGGAGTTCCAAGTCTTTGGTTAGTCAAGCATATGCGACACCCAGTAGCACCCATAAGGTCAACAAGCAACTGCCGTACCGGCTAGGCCCGAGTTGGGTTCCACCACTGTGAGCCCTCCATTCCGGGCTCATTTGACTAGCTAAACTTCCACTACGCCGAGGTCCAATCCCAGGAGTTTATTTCCAATTCGAGGAGAGGCAAACTGGGGTGATCAGGCCCGTTCCAGACGCCCCAGATCACTTTGATTCAGAGGCAAGCAAAGCAGGGGAAGCATCTGCCAGAGCTTCGCTCCCCAACGATTACTTTAGGGTCCCACTAAGAATAGGATGGAAAGCCGAGGTGCAGCACCGTATTGTTGAATAATAGCCAATGGGGGAAGCGATGGCCCGAGCGGCCGACCAAGAACAAGATATATAAGGA,TTGAAAATCGGTCATTTCCAAAGCGCACATCTCTCTAGCTATATTCTTTCACTGGGGTTTCACCGATTCACCGCCCTGACCGAGTTGTTCTGCCGCCAAGACATTCGAACAGACTCTCCAGCGCACCATGGCGCGTGGCGAGAAGAGCGTGGTCCTGCACCCAAGCTTCAGGGCTATCATTGACATTGTTAGGGATTTGACGGTTCGTACCAGGAAGCAGGTTCTCTGATCGCTTGCTCGTTGCGTCAGCGGCAACTATAGACATTAGCGTCGTTAACCCACTTGATATGTTCCAGTCCTAAAGGACCACCGCCGGCACGCACGAATTATGTCCGTGTGCCTAGATCATTGTATGTCGGGCCCGCATGTTGTCTACAAGAACGGGCCGGTAACTTCACCGGATCTATATCCGTACGTAATTAAGTGGAGCGATGCAGGTTAACTGTTTCGTACAGCGACGGAAATGTCTGTTTTTATGCACTGCTCAATCCGACTTCACTCAGTGAACAAGATGCGTCGCACACCGCGTCTAGGTGCAATTTACGTTACTACGCACCCTTCTAGGGTATTGGATCTGTGTAGTCCTGGCACTCGGAGACTCCGGCTCATACATCTCGCACTTCCCATCGGTTACTAAATGCAATTCGAGCCATAGGCAATAGGCGTTCTTCTTCATTGTGGAAATCGACCGTGAGTATCGAGGTAGCGAAAATTCACTGCTTGATGTTCTGGTGAGGTAAAACTGCTCCCGTTCGTCTCGTCTGGTAATCGATTATTCTGCCGCTGCGCCTGCATTCGGGATAGCCTTGCTTCCTCGCACCGTTCGACGATATTGGGTTAACCATTTCGCGTTTCGGCATACGAAATCGGAATTAACACCCAGATGTGACGGCGCAGACGTGAGAATCATCACAGTTTCACAGATTGCCACGTATATTCTACTGTTAGAAACTCGGCCCATTGCCTCATATCCATAACGTCCGGCATAATCGATATAACG,TAATCTTTGATGGCAGGCGTCAATCTAAACGCGGGCGCACGAACAGCTATACAGTTTAGATTAATAAGGAGCGCAGAATAGGTCCGACTCGCGTACGCTTGGCGTCCGTGGTAGAATGCCCCTTTTCGGAATAGACTCTACTTTCTCGGTAGGGAACTCTATTTAGCCCCGACACTTTGAGCCGCGATTGTTAACTCCCCAAAGTTATACATTGGCAGTTAGTTTTGACTTAGCGCAGCATTTCAACCAACCTCACAAGGATATCTACGACCAGTTCTGGCTAGAAGAGGTCGCGTCAGCCAAGACCGTCAAGGTGAATACTTGTGTTTCATGTAGTAGTTTCCGATATCCGCCGTGTCGATTAGGCGAAATCCCAAAGTCATGCTCGTATAGCGCCAATCTCCTTTCACAGTCAGTACAGCATACCCATAAGAGGCGAAATAGATCGCTGGGAAGGTACTGTCGCATTAAACATCACAAAGTCCTTTTATCTATTCGCCGCTCTGATATTTGCCCGGTATCGGTGTAAGGAGATCACCATATCAGTGCGCAGGTGTCAACTTGGGCTACCGCGAAGCTGAACAACATATTTCGTTGCTATTGAAGAGGGCACATCACACCCAGTGAAAAGGGTTCACCTTAGCTAGACTCAATGTATCTAACGCCATCATACCGCGGCAACCGAGGAGCGTCAAATACAACGAGATGTCCCATTATGCTATAGTATACGACGGTTTCACTACCACCCTAAGATAAGTCCCACGCCGCACCAATTGGGTGTCGTCTTCGTACCTTTTCAGGGAGACAGAAGCTGCGGAAACTCCAATGCTTCACTATTACTTTGAACATGAAGAGCAATATACGTATGGTATTATTTGTCCAGCAACATCCGGTATTTGTGGCGTAACTGCGAAGGCATCAGCTTTTTCGGCTTCATTCCTCAGCTCTGTCTCAATGGGGTACGAGGAACATCCTTTTGGATCTCTCATACAGCTAAAGG,TATCCGCCACGAGGGTAACCCATCGGGAAGGTGTTTAAAGGGCATACACGTGGTGGGTATAACCGGCAGTCCTCCTCTATTAGACTCTTACTCTTTCCCATCGAACTGAGCGATCTTTACCCCGTGGTTTCACCGTATTACTGCGAAAATTATACCTGTGATGTGGGATGGGCTAACGGGGGTGTCGTAAGTCCTAAGATATCCTCGCGCGGATCTTTCCAAACATACGTGGGACGCTACATAGAATACCAGGATTCACACCCTCCTTTACCAACCTCGAAATCAGGCTGTCTTTCGATGGTTTTTATACCCCCGCCTAAGAGACTATAGATCAGGTGCGACAGACTATCGAACCGTGTTAAATTTTTACACAACGACAAGGAGCTAGCGGAACCGGGAGATTCGCTTTTCGGCGCGTACGCTCTGACCAAACGACACGCGGTAGGGGAGTGAATTAAGCAAGTACCTCTCATTGCCTCTCCTAAGCCGGTCTAATCCTAGTAATCCCGCAGCGCTTGATCGAAACGTCGAAATGTCACTCTGCGTTAGTCCGCTGCCGGGGCCATATGCCCCTGTGCAGGGACTTTCGGCTGTCCATAAATCAACTCTTAACGGCTCTTCCGACAAACTGTTAATATTTCGAGCGTAAGCAATGTGGAACTAATCCGCGACCTAATTTATTAATTGTCTGAGATCGCAGGATAAACGTGGATCTAGCATGATATATTCATCAGGGCGAAACCCCAATTAAGTATAGTCTCCCCGTCGTGGCTGTCCAGCCTGTCACACCTATGCTGTAAATGTCCGGTTGGAAATTAGAGTAAGTGTACAATTTAAGCGGCCGGTCACGGAAACAGTTAAGTCAAGCTAGTGTGGACAGCTACTGTGGGGACCCCGACGAACGGGGGATAGCTGACCACCGCAGCGCAGTCGTGTAGCAATGGATCCGGCCCCAAACTTAAACCTCTACCTGATTGACCAATAAACGAAAATATGTCGA,TAATGCATTGCAATGACTCTGCCCTCGTGGAAAAGGTCTATATTTGCCGCTCACAGGATGGATAGGGGACCTGGACAATGCGCACTTAATCCCTAACCTTCCCTCACGCTTGGGGGTTCGGAGAAACGCTAGCTTTCTAACATAGCGTGCGACTCCTAGTTTGATGGGGGAGAATCGCGCTAATATGAGTGATACAGGACTTGTTGGTGGGGTGTCTCCGACGTTCAATACAGCCCCACAACCTTCACCGTACCATAGTGATTGGTTACATCACGGATGATATCTCTTTAGCAAGCAGGCTGATCCTTCCCACGCCGATCGAAGCGTGCTAGGATCTAGAGGTTTGCTTACCTGTCCGCAACCTTTCGAAGCTATTCAGTTAGGGTGGACTAAGTGATAAAGTAGAATCGCGTAAGTTGAAAGTTAAACATCTGTCGAGTTATAACGGGCCGTCGGACCGGCCGTCCTCTCTATAGTACCCCTTGGCTAACTTGGTCTAGCTTCTCTGTCCCGGTCTACGGGGGCTGTAGCTGAATCAGCTCCAGGAATCTGAATGAAATCCTCGGAAAATAGTGATGTTTTCTCGCTTATTGCCGGGGTTGGGCCAGCTAACACCCACTGGAAAATGCAGGTCCATACCGTCTAGGAGCTAACCAAAACTTCCCCTATTATATTTATCTCGGGGCATCATCTGGCACGATTCCTGACACAAGGATCTATTGTGAATGTTGTGGTCCGAGGAGAGTTAGAACAGTTATCAGAAGGTAAGGACGTACAGCAAATAGTGTCTCATAAGCGATGTGGGTCCCGGAGGCGAGTTAGCGACGCACCTGACGCAAAGGTGTTCATTTGTGGTGTCAACTCACGCCTTAGGCAGTTTTGCGATAAAATTCTGTGCTAAATCATCGACTCTGAATCAGGTGACCCTCAGACTACGATTTAACGGGAATGTGGGTATCAAGTGCAGCATAATTAAGAGGACATCCCAACTGCTCCTATT,CTCGACACCCCGGTGGGTTGACTGAGGTGGTTTTTTTAGTCTGTTACAGAAACGTTGGACTCAAGGTTCCCCCTAGCAACTGCGTCATCCGTAACTGGCGCCGATGGGGGTCGACATATATTAAGAATGAATATCTGCTATAAAAGCGTAATAAGAGTAGTACCCGTATGTAATTCTCGACATTTCTGTCCATGCAACTTGATCGCCAAAACCCCTTAGTCCCTGAGTCTTGGGTATTCTTTTACCAAGATCCTGGTTCCGCGTTGTACCTAGATCCAAGAAAAGACAGCCGTCTGAATTAGGGTTTCCTTGTACATCTCACCGATGGGCCGACGCCCGAAGTCTATATAACCCGTGTACGCAGGGACACAGCAGACGTTCCATTTTTCAAGCGGATGGCATGTAACAGGAGCTCCAGCTCATCTTGTCGATTTCAAGGTCCTCTGGGGGAAGGCCCTCCAGTGGGTGGCGTGTCCGATCCGTCCTGGTTCAATACTAACGGAGGAGAGTACAATCCGGAAACGCCCATATGTTCTGTCGAATGCGTACAGGCAGCTTAAAATTCTTGGTATTCCATGCATACAGATAAGAGGCCCACTGATAGCGCCGAGCTCGAAACCAACCGAGATTACGCCATAGCGTGGGCAAGCTACAGATGGGGGAGTACAGCTTAAGGACTCCGCGCGAAGTCAAGACTCCCGCTTCCTGTATTCGGAGTTCAACATATACTTACAAACTCGCCTATCCATGTGCGTCCCATTCCCCGGGTCAGCCCGCCCTGAGCGCAAAGATTCACTTACCTACAGACATCGCGGTCAGCCATGTGTTCTTTAATATCCGATTCATAAGAAACCCTTTACTAAATTCTTCGACCCCCATGCCGTAAAAGCCTATTTGGATTTGGGTGGAGGAGTTGCGCGTCCAACTGTCTAATATTCCTACTAAAATCCTCTTTCAAGGATGATACAACAGGCTTAAAATGCCACACAACGCCATAAGT,CGACTTACCCTGATTTAGCATTACATGAGGCCGACGACTGGTGCGACACTCGTTAAACGGGTCTGGTGAGAACGCCGTTGTTTTATCCCGCTCGGGTGCCAGTAGCTTACGTAACAGAATGACACGCAGCGTAGCTTATCATGGTGGAGAAACGTTTATCCTACAGAAGACTACCACTCCCGAAGTAAGGTTAGATTTGGTGATTGAGAGTATTCATGAGTTACTGGCTGTCAGTTCTCCTGTTCGGTGAGCATACTACCCCAGGGTCGACCTCTAACGGCGCGGTCTCAACCGTTAAGCTACACCTCTAAGCGCGGGGAATGGGGGAACAGCCGTCGGCCGTAAGATTTATGTTTGGTGATTTCACTGAGGCGTCGCAATCCACTGAATGAATCTGGACCAACAGGCCATTATGACCTCACATGTGATCGATTGTAATGAAGGTAGTACTCGCGATCCCGATTAAACTTTTCTTCACCTATTCATGCGTTCTTCATTATCTTCACAGCCCGCATCTGGACTAATAAAATATGGACCGACTGCAAGCTTGCTTCTGTCCTCCATTATAATAGACGTATTTATGGTTGTGTCATTTTCGGAAATACGTTGTCTTGTGAAGCCGTCGGTTAAATGCCCTTACTACGTCCGGCTTCCACTCTGTTGCTCGGCAAATCACAAGTGCGTAACCCCGCTTCCTAGACCGGGTAACAAAAAGGTACCCCAAGCTAAAGCCTGCCGCAAGGTTACAAAGGAGACCGCCTGATGTTCGGGTCTAATGCCTATATTAAATCGTCCCGAGAGCTGAAATTAGATAACGGCTGCTTATTTCGTAAGCCAATCCAGGGAGAAACCAACTAAAGACGTCTAAATACATCACGATACGTTAAACCAGGTTAATCGGGTGTAAGTGTGAACCCGCGTAGCCGTAGTACCCTGACTACACCCGGTCCGTGCCGGCGCGCGTTAAGCCTCTTCGCCGCGATACAGGGCATATACTTTA,CCGACGTTGAAAGGTAGGTCTAATATTGCAATCATAGTAACCGTGTTCCAGATACAGAACCGGCAACCTTGATAAACGACAACTGACAGGCAAATACTGTATATTCTCCAAACCAGATTGGGGTGAGGCCCCCGCAAGGATCCTTGGAAGTGTGGGGGTCCCTAATTTGCGGTGTGTTAAGTACTCTAGTCGCCGGTATTTTGTCTAAACCGGCGTAAACGGTTCGCATCAAACTCCCGCGACTGGTAGAGACAGACCTCGAAGGCATACAAAATGATGACTGAGCGTAGTGGTGTTGGCGACAGTCTAGTAGTCGGGACACCGATCCCGGACTTGTCCATAGTATCCCTGGGACGATGGTCCAATGTATGGGCGGTGAAAATGATGCACTTATGGGGTCGATCGGAGTCTACGGGTACACGGAATGTTCTTGACTTCGCAGCTGTATTCAAACGTACCAACCAAATGCCGCGAGCCCCCTAAACTCGCGTAAAAGTTCCTTTCTATGAAAAAAGGTGTGTCGACACCTGGCAGATAATGAACTAAGAATTACACAAAGGAGTTCGATTAATTCCGAATCGACTTTTGGCGTGCGAATGCTCCCCAATCCGAGGAATTGAAAGGTGGATTAATCCTAAAGAGCTGCGTATCGCCCCCGGAGCTATAGCCAGAGTGGAGCGCTCAACCTATCGAGTATGTTGTGGTAAGTCTCACTCGCGATAACATGCTACTCGTTATTCTGGTCTTTACTCGAAAAAGAGAAATTCGTTACATTGTCACCATTCATGCGCCCTAGCCTAGGCTCATTTGATCGATGGGTTACTCCCTTCTCCAACGTGGGCACAGGTACCAAGTTCCTAGCTGTAAAATGCGGGGTGATGCGGGCCGCGAGAAGTGTGTATTAGGTATCCCTAAGGTCAACCTCGAAGAAGACAGCCTGTGAGGGGCTTTAAGTTGCGACTCGCAGTTTACGCTTATAAGGTCTGTGACAGGCTACGTT,GGGGAAGGAACGTTGCAAAAGTAATGACAAAGGAATGAGATCTCTCCCGACGGTGCATCCAGTTGTGGACCACACATCTCATTGTTATTGGGCGGGCTTAACATCCAACGGTGAAACCACTGATCGATCTACGTAACTGATAGAGTCGCCTCCGGTAAGGATAGGTCTAGATAGTCCCAAAGAAAATTGTTGCGGTATGTCCCAGATTACCGACGGTGTTTCTAGCGTCCCTTATCACAGCGTCCAAAGCTGTAAAGTGGAAGGAATTGGTGGCTTTGCTCTAACTTCCTACCGAAACAACGATCCTGCTGGGATTACGCACTCGTGCTCTGCAGCCCGGCATTGGAGAAGCGTTACCAAGTATGCAGGAATCCTAGAGTATGATGATCGAACAGTCTGAAGACTCAGTTACTGCAGTCCCGATCGAAGGCATTCCATCCGCGAGCCCCGATCCTTCCCGTTCGCAACGTCGCAATGTATTCCCAAGTCGAACTGACAGTTCGGGAGGCTAATGTTACTTGAGAATCAGCAATGTGAGCTTAAATTGGACTTTAAAATCGCATCACTACCAGTGTGCCTCACAGCTGCCATGGTTCGAATAACAGAGAGCATGTCGACTTTTCAGAGGCGTATGAACAAATGGATAATCCGCTTTCTTGTGTACTTGGTTCCTGGGTGTGCGCTACGACTGTCAGCTTACCTTCCTTGGTTTACACTTCATATTGGGTCGTGTCGCCATGCACAACAGCGCAGTTGCGTTTGATAGCACATAATGCACCAACGATGCCGTGATCCCCTAGAGGAGCGAGCGTCGTTTCCTAGCCAGTGTACGGTCTGCCCGCCGATCGCCTAAGTGAGAATGCCTATAAACATGGGAAAACACTACCATGAGCCTTCTCGCAAAGATCAGTTAATGATTTATTATCACCTTTCCGTAAACCTTAGCAAGTAGAGGTAGAATCCGTGTCGAGCGTTTTAAGATAGGGTCCCTAATAGTATT,TGTTGACCTACTCATCAGAGTATGGCGTCAATCCTTTCAGGAGTGAAAAGGTAGGATCGTGATGAAGGACCAATACGTGGTGACACTGAGACAGTTACGGATTGGCCTGCCTTACTTAGTTTCAACCCAAATACCAGTCCACATGATGTTTTGAATAGTACGATTTTGTGACAATCGTCACGATAACACTTTTACGGGTTGCCACAGATCTGTAAATGATTTTTCCTCCACAAGACTCCGGTTGCGCAGCTGTTCAATGTCCAGGCGAAAATATTTTTTAAATTTCCCAGATTAACCTCATATTTCAAATAAATTGTGGTCGAAGGTCGTTCACCCTGCGACGCGCTATTGTGACTTGAATCGCGCCCGGAGACGCCAGGAAATTGTCCACGTGTCTGCATGCTTTGCATTTGTCTTAACACGTAGGTTGATATCCAAAGTCAGGAGCACCCCCAGAGGGGAGTCTTCACAGAGGTCGGAAATTGAATGGGATTGAACAACGAAGTCTTCGATTCCTAGGTATACGCTGCTGCACTGTCCGTCTATGAAGCTTAGAATGTGGTTCTGCGTCCTTGATCTTAACTACTTATTAATGTTTGTCTTCGGACGACGGTTCGACAGCCTGTGGGTATGGCTCAATGAGTAATAGCCCGCCGAAACCATGCAGAGTTAGTAATGCGTTGGTTTAGAACCTATTCGATTTGTCGTGTTTCTAAACCGTATTGCCGCGGTGGGCCCAGAAGCCTTTATCACCATGTCTAGGGTCAGTAGGGCGTCGGCCGTCGTGTTACATGTACGATAAACAGGTCTCTCACGAGTACCTCATGGACAGTTGAGGGCGCCCGAAGACTCGTTAATTAGCTGAGTCGGTTTATTCCTTCATACCCCGCCAGGTGATCCGTTCTGGTCTGCGGACTATTTACTGTGGCAACTGAGCCGGCTGTCGGCAATTTCCTTGCTATAGTCACCGTTTCCGAAGTCCGGAGCACTAGCAGTCGGA,GAGTACTAGTTACGAAGATCCATGGATTATTGTGTTAATAAACAGTCAGTAGAGAGTCGTGACGGAAAAAATCTGCCATGAGGCATCAGCCGGGTCCAGCTTCTTGAGAATTGCCGATCTTTGGCAACACGGAAATTTGCGGCTGCACAAACCGACTGCATGAATTGCCTTCTTGTCTAGCCCTAACCCTTCAAAACTTGGGGCGGATGCATCCTCTTATCTTGTCCGTTAGGTGGGGGCCAACTGGATGTCGGATGAGCCACGTGTAGTTATTTGGTAACACGTCGCGGACCAGATCTTCGTACTCGGTACTTGCCTGGACGTGATAAGTTGTGCACACGATCTCGTATGCAAGGTTCGGGTTCCAATGAAGGCGAAAAAGCTGAAACAAGATTGTCCATACCCGATTTCTATCGATGGTGATTGTTTCTCTCCGGCAACAAGGTGTTTAGAGTATCTCTTGAACTAAAGAAGCTTGCTTGATGTGATATTGACGAAATGTGTAACAAATTTTGCTAGCGCGGAGGACTGTTTGGCAGTCTGTCGTTAACGCGGGTCCATAGGGCGGGCCAGGATGTTAGGCAAAGAGACTGCTCTGCGGGTGTATCTCGAGAACTGCCTTTGCGGCAAAAACCGGAATCGAGATCGGACTGACCTAACAGCGAGAAAGACGCTGCGCGGGCCTGTGCCGCGTCAAGCGCTGAGCAAGGCTTGCATCCCCCACTAGGGCGTTTGACCCCCGGGGCATCATTTGAGTACCTCGTCGATGCCAACCTGCTCGTGTAAGCAAACGAGTTAGGCTACGTGCGGAACGGAACCCACGAGCCGACACTCGTGTTCGTGGGAAGAGCAAGGTTCCTTGACAAAGCAGCGTCGTGAGGCCTCGGTCGCTTGACGTAGCTTCGGATATTCTGTTGTAAACGTCAGGTTTTTCGCGTCCGGCACACAGATTTTTAACTAGTTATACGCAGGAAGATGTCATTATTCGACACTAGACTCG,ACACGCCTCAAGCGATGGCATCGCCTTGGAGTGAGTTGGGTAGTGTGCCCGCCTCATAGATCACGAGTCTCTGGAAAAAGTGAACATACCAGATATACCTCTGGATGGCTTTGTCGTGCGCTCGCGATCTCGAAAATGCGGCGGAGACACGTCAGAGCTCTTCTCGCACGCTGGATGTCCGAAACGAGTTTGCTTCGCGCCTATGTTGGGGATCGACGAGAAGCAAGGTGGCTTAGATGGTGTTTTACATAGTTTTAAGACCCTAAAGTTGCGGATCTGGGCACGGCCGTCGGGCAGTTCGTTTCGCAGATCGGCTTTGGATACCCGCAACCCTCCCTATAAAGTCCACGGCTAATTAGACATAGGTATCAGCAACATATCTCTCAGTATATATTTTACTTTTTCCCTATGTGCAACGCCCGTCATCTGTGATCCACATTGAGAACGTTTGTACTGTCGAGAAGAGTTGGCACACACTTTAGGGTATTCACACTAGGACGCACCGAACCAATTATCTGCTATCGCAGATAGAGAACGTACACCAGGAAGGCCGTACAGACGTACATACATCTCCGCTGCTTGCTTTTCAGAACTTTGTTATATCCCTCTTGGTTTGCTTCTGCCCCGGGGGAGTCGTTGACGATTCTAACTAGAGCCACCGCCACCTTAAGTCTTATAACTGGAAACGTTCTTCGAATCCTTGAATGGTTAAATACAGCAACTCGCGCGGGCCTGAAATCCAAGTGTTAAGGCTCATGATGAGTGATCATTACCTTTGCTATCTCTGCTACCCTGCTCGTCTAAGGACTTTTACATCGAGGGTGCTGTTGCCGTGACCTGGTTTTGTAAGGGACAGCCTATTGTGAAGGTAAAAGACATGTGAATAGGTACTTGTCTGCCAACGGATCCGGTGCGGACCAAAGGACAATAGACTGCTAAACAAGTCGAAGCGTGGCCCCTGTGGACTCGCTTGGCGGGTTGGGCGTGTAGCACATCCTCA,GGGACTTGGCCTCGAGTTACAAGACTTGCTGGCGCTCGTATCCGTGCCGGGTTCAATAAAGGTAGCACTTAATTCCATGCGTTTCTGTGTACGCCGTTCCTCCAGACACCAACGGAATTTCCCTGCAGTATAACCTCCTCGCGACGCGGCAGGTTAGTGCCTAGATTTGGGGTCCAACGCTTCTAACGGCCTGGTGTGCTGATCATATCGTGGGTAGCTAATGCAAGTTAGATACAAATACGAGATTCAACGCTGTTAGTCGCTGATCTCGGAGAGGCTAGCCCTAGGGGTACTCGAAAGGACAGACACATAGCCCGCACCAAATCTAATTTGTGAAACAAAGCAAGCACACTGGTGAGCGGCGACTCTAACCTCGCATACGTGGCTCAGAGGATCACTCTCCGACGGATTGCGCTTTCTTGTCGCCAATTAACGAGGGTTTCCCGATTGCGGGAAGAGAGCGACTCTTGGAGAGCTAATGGGCCAGCCACAGAAAAGTTTGTATTGAACTTTGTTGGACAGCGGGTGATATCTCGCCAAGACATTTGTGCATATGTTCTGTCATTGGACCGCGTGTTGCAGGAGGCAGTAGTGACTCATCACGTACGATCACCTACTAACATAAACACACAAACACACAGAGCCGCTCTCTATATGGTGGGCGAGATTGAGAGGCCCTCGAACTTAGAGGTTCTGATGGTATACCCAAAAGGATGATGTACCTTGCTAAGAGCCCGTCTAAAAGTAACCAGCGTCGATTGCAGCCACCCCCGCTATCCCTGGGTTGAGCTATAGGGACAGGCGTCGTACGAGCGCACCTACTACCATAATACGTATATTCACCAAAGGCCGTCAGGCTGGGGCACAGAATTATAGTTGAACTAACGGAAATTCGCAAATATCGAAGATCTACCTCTTGTGTATTAACTTGAGGGGGTTGTAAAAGTAATGGACGAACTATGTTTTCGAGTGTATTATGGGTCTGCACAATGCGTACATT,TGAGGATGAGTCCATCATGAAGTCGTGATAGTAACAGGATCTTATACCTTTACCCCCGTAATGGGGTTATTTGCTCGGAAGGAACACCTACGTTTTGACGGCGCAGTTTCATCTCGGTCGGCTCCTTGCCCGTCCAAAAGTAGCGCAACCGACGCTTGAGATTCATCTGTATTCCTAATTCATGGCGGCGAAACCTCAGTAGTGAAGCTCCTAGGCCTGCTACGCCACATGACCGGGTGTCATCAGTTCGTTACGGGCCCCATTCTCAGTAACGGGAGATTACTAGGACCGCATGCTATTCTCTGCCCTCACACTTACTTAGCTCGTTTTACTGTGGCATGAGTGCAGGGTTATATCCAGCGTAGGTAAGTGTCAACTCGATCCTATGTTCCCACCCGAGCTCCATCTTATTGCGTCTATTAGTATGTGGTATATCGTCATCGATCGGCAAAAGAGCGGTCAAAGGCGACAGTAGTTCGTTAATGGCCTTCCGGCCGGTGCTTTCCCGAACCGGCCCTTAAGGATGCATTCATTGGTTATGCAGTGCCTTTATTAAGTTGCCCTAGCGCCAGTCTGGCTAGAGGCGCAATTTCTATGGCCAAGCATCTTTCTGACTGTCGTCCCCCAGGGAGACACCATCTGCCTCAATATCCTATAGAATAATTTCTTCGGGGGTGGGTATTTCGTGTTCATACTAAGTACACGCACTATTGGGTCAAATGCGGTACAGCCTATCTTATGTGCGTCAACCGTGCATTTTTTGCTACTTGGCCATTCGTCTAGAGGAGAGCAAGTCGTCTCCCCACAAATACCGTAGGTGATGATGTCGAATATCTCGGATGCGTAAATTACTTGTGTACGACGTGCCGGCAAAGTGTAGCTCAATGGCGAAGGGCTTATAATAGACACGTTTTTCGGGGACGCCCAGTACTTGTCGTGTGTTAATCAAATTCCAAATCTTAGTGTGGAATCGCAGGACGGACGAAGCTACTCGGGTCGT,CCGCTGGATCCTTGGGAATTCGCGCGGGTTGAATGGACTATGTTGAGCAGGAGAGTACGGCGTTTTCTCGAAGACAAGGGGTGGCTGCACTTGGAGGATGAGGCATTTGCCACCAGAGAAATGCACACAGTAACACAGGCGGATTTATGCTGGGGATAGTGGGGGCCACGGACATATGGGCTACGAGTACCCAGGGAAATGTCTTAAGCAAGGGTTTCGCCGACCGATCCCGCCCGCCCGTTCCCTGTAGAATGGACGTCCAAATTCGCATCATTGTGCAAAATTATCCGCACACGCACAGTGGGACGGAACTTGGTGCAGAGTTCCGACGGCGATATTCATCCTGAAGAATACATTCAATGCGCTGAGCGGGCATCATACCCGCATAAAGAGCCGCGCCGCCCTCCACCGTGTCGCGTCCATCCCAGTGCGATCACTGTTCACCATGTTTTAATCTCATGCAGCCGGAATGACTTGAGCAAATCCGAGATACTACAGGATCCGTAAGAGAAGAACTACGCATCTGGAACCAACCCTCCCCATTCGTCTCATGGCCCAAGTGACGTCAGCTGTCCAGAATACTCCTAACCGAATAATTGCCCGAGGCAACTCTTAAGGATGTCTACTGCCAGGATCTTATAGGTGTAGCTCGCTGGTTTGACAATCACACGTCCCCTGCGCTGACGTCGTGCACCTATCACCTGAGAGAAGTAGTCCGTGACCGTTTACTGCCCTGAAGTCATGTACGAATGGATCAAGGCATCTAAAGGGGCGCAGCGATATCGACGACGATAGGATGCGAACTGTTAGCTACTCCATGCCTCCGAAGAGAGACATGAAAATAGGGAATGAATCTCATGTGCCGAATTTATTGTTCCGTCTACAAGGGTCGCACTCAGGGATCAAACGGGAGGACACTAGCCCGAGGAATAATGCAGCGTAGGTGGTTGCTATAACGACGGCACAACAGCAATCAACGTCGTTCATAAGTCAGACGTAC,GACAATCCAAGAGATGAGACAGATTCCTCCCTTTCGTCGATATTTTGGTCTTTAGATACAAATGAATGACTTCAGTCCGACTATTATGGTGGTCTTAGGACGTCTTCGCATCCCCGTGCTTCCATCCGAATCACAACGTAACCTGACATTTTCGATCAGTTGACTGCTGGGCCACAAACGTAGTATAGTAAGAGCATTTGACCGAATTCTTAACCAAACGACTCAGTTGATGAAGTTCAACGGTTTTCATTATAAGATTGTCCCTGCCGCGAAGCGTTGGCTAGCATTACCAAGCCGTCTTCACTCTAAGTGCATATTGAACTACATCCTTTGATCTGTAATAATTGGTACACCGATCGTGGATAAACAATTTCATTTCGGTCGGATCCATTACGTGATTCGAGGGTAATACCAGGTTCCCGCGGGAACATCAACGTCCACAGTGGCCAGGAAAATACAGGGCTTGTAGCGGTCAACTGAAATACGTAGGACAATTGCGGGAGCTCGGAAAACCACCTCCCGGCGTTCACGTTGTGTCCACTCCTTGAACAACAGCACAATCCAGGGTGTGCTGCAGCAAGTAATCGTAGTGACTGCAATAATTTAAATGACGCAAACCATGCCGGTCTACAATCGTTTACCTTTCAGCATCTGCAATTGTGCTCAGCACGTTCGTTCCGACCGGGCTCGGAATGATTACTCCAATTCATAAAATCACTATTGGCACCATTCTGGGGGTGTCCCCCTTGACCGAGCTAGAGACGAAGTTCGGACCCCCGCCCGAGAATGACTGAATGGCAATATCGGGTGGAACCTTAGGCTCACCTCCCGTCCAGAACCTTCCGAAGGCGAATTTCTCTTAAGGTAGCAAGCGTCAGCGTCAGCGTGATATTTAGTTCGAATGTTGCCAGAGATCAAGCTATATTCCGGCTCTTATCCTTGCAAGATCCCACACGAAACCAACTGCGCCCACTGTGACGGCCTGGATCCACGTGTTCTC,TTGGTACTGACCCTTCAGTAAGGCCCGCAACTGCGAATATCATTAAACACGCCACTCCAGTAAAGGACTTGTCAATGCGCCGACAACACTTTGGCCACGTCGCCCATACGGGCCGTGTGGGGACTTCCGTTGGGGCCTAGATTTCTTTTTTCCTCATAAAGACCGCTCCATTGTGGCTGTAGCCTCTGACAAGACGCATTTTACGAAAGTAGGAATCTGGGTTCCTAGCTCAGATGCGCAGTGGGGCCAGCACTTGAGTCGATAATGCAGCGGGCGTAGCGGGTATCGGCCCGCCGCGCTTTGCTTTGGTTTCACAAGTTCTACTTTTTGTAACATGCGTGCCCGGTTTCTTGCACATTAGAGTAAGCACTTGGGTCTGCTGGGTCGCTCGAGTTGCCTTGAGCAGATGTAAGACGCCCAAGTGACCCTACGTACCCTGGTAAAAAGTGTCGACCTAGTCCATTCAAAATTAATACAACCCAGCCCGATTGGAACGATGTCTTTTTGCAGATTTTCGTAGGCAGGTTTTGTTAGCCGATGCCCGTCGAATGCCGTAGGCGAATATAGGCTCCGGGCTGAGACTAGCCGAACGTAAACGGGTGAATATATAAGAGGCTCTATGCTTGTCGACACCGCGCGCGAGTTCATATGATAGGTGTTGCATTGGTGTTATTAGTGGTATGGGTGACTATACTTAAACAACTCAGGGCATACTATCGATGCCACGTAAATGCGAGCCTATCCTGTACAGATGGCGGCATAGTGATGACGCCCTTTCTCATCCAGACTCACTGCGGGCCTTGGGTCACAGATCCAATAGGAGGTTAATACGCCGCGTTGGTTTGTTGCTCCAACGCATGCCACCCCCTATACAGCCATATACCGACTATGTGTAGCTGGAAACCTGTTCTCGTCGATATATAGACTATATTTGAATACGGTAAGCGGTATAGGGGGGACGTGGCACCTTCGATAGGAGTGGGGCAACCTCCCAATCAAA,CCACAGGGACTTGTCTATCTATTTGTATTTCGCTCATCTCATAAAAGATGGGCGATGCATATTAATGTAGTCCGTCTTGGGAAGAAACAGGGCTTCTCTACAGGCCACTCTCAAACATAATTAGTAAAAGTCGTACGGGTGTATAAGATTGCTGGACGTTTTTCCCATTACTAAAAAAACGTGTTACCGTATATGCCAACGTCATAAATAAGTGGGGCGCTATTATATTTAGTGTCGTTGCTACTTGTAGGCGGGCTCAAATACATGGTAAATGCTATTTAGTTACATGACAATGAACCAACGCTTGATGAGCATGGCTTGTTAGCGGGATCCGGGAGGTGAAGGAGAGGGCAAACCCGACCTTAACATTCGCAGCAGTAATGGACACTAAAACTCATCTTATCCAAGGACCGGCGGCCGCTTAGCACAGCTAAGCGCCCTGCTCGTCTTAACCGTGCGATGCACGATAGCATCAGCCGGTGGAAGCAGACAAAAAGACTGCCTAGATCAATTGACTAATGGTGGCCCCCGGGTCTCGTGCTGCATGCGCTTGCGTGACTCTAGATAACTCATATGCCCGCTTAGCACTCATGCTACGCGCAGTCTCTCACGGCTCAGCACGTGGTCGGCGCCTCAGGAGTATAGCATCAGACCATTATGGAAAAGGGGGGGAAGCTCGACTTCAAAGGCGCGAGCAGGGTAAGCCCTGAGAGTTCGGGGCACAAGTTGACCGGTTTCGCAACGCTATAAGCCTGCACTTAGTCAGCTAAATAAATAGTGGTGGAGGCAGTACGTGCAGCTGTATATCACATTGGCCGGGGTGGTGCACCGGCTATGGGAATAGCTGATGTCCTCCCCGATCGATCTCTTGCCAAAGTCTGATCACTAGGATTACGCAACATTCCTGTAGAGGGTGATAGACAACAACAAAAACACAACCAGCAGACAACTCCAGTTGCCGCAGACGTCGCATCACCGCGGGTATAGAACACGTACATAA
