P1_ID,P1_Gender,P1_Chromosome_1,P1_Chromosome_2,P1_Chromosome_3,P1_Chromosome_4,P1_Chromosome_5,P1_Chromosome_6,P1_Chromosome_7,P1_Chromosome_8,P1_Chromosome_9,P1_Chromosome_10,P1_Chromosome_11,P1_Chromosome_12,P1_Chromosome_13,P1_Chromosome_14,P1_Chromosome_15,P1_Chromosome_16,P1_Chromosome_17,P1_Chromosome_18,P1_Chromosome_19,P1_Chromosome_20,P1_Chromosome_21,P1_Chromosome_22,P1_Chromosome_X,P1_Chromosome_Y,P2_ID,P2_Gender,P2_Chromosome_1,P2_Chromosome_2,P2_Chromosome_3,P2_Chromosome_4,P2_Chromosome_5,P2_Chromosome_6,P2_Chromosome_7,P2_Chromosome_8,P2_Chromosome_9,P2_Chromosome_10,P2_Chromosome_11,P2_Chromosome_12,P2_Chromosome_13,P2_Chromosome_14,P2_Chromosome_15,P2_Chromosome_16,P2_Chromosome_17,P2_Chromosome_18,P2_Chromosome_19,P2_Chromosome_20,P2_Chromosome_21,P2_Chromosome_22,P2_Chromosome_X,P2_Chromosome_Y,Child_ID,Child_Gender,Child_Chromosome_1,Child_Chromosome_2,Child_Chromosome_3,Child_Chromosome_4,Child_Chromosome_5,Child_Chromosome_6,Child_Chromosome_7,Child_Chromosome_8,Child_Chromosome_9,Child_Chromosome_10,Child_Chromosome_11,Child_Chromosome_12,Child_Chromosome_13,Child_Chromosome_14,Child_Chromosome_15,Child_Chromosome_16,Child_Chromosome_17,Child_Chromosome_18,Child_Chromosome_19,Child_Chromosome_20,Child_Chromosome_21,Child_Chromosome_22,Child_Chromosome_X,Child_Chromosome_Y
4e033e00-1982-42da-bf95-54b7cadf78da,M,CCCGGTTCTCAATACGCGTCTCCACGCGCTAAGCACAAGACCGTACATACACAGCCACTAGCTGCTGTCCCAAGCCCGGCATTATGGATCGGCTTGGGCCAGTCCAGAAATGGTATACGCTATCCTCCGATCTCTTCGGGTCGGACACAATAACAGCCGACTTGTTCTCCCTCGGTTTCTGCGACTGTGAGTCCGAGTCCATCACAAACTGGGATCCTGATGTGGATTAGTTAGAGGACGGCTTATCGACAACTTGATCGCGAAATAGATCGACGCATCGGTGGTTCTACGTACGAGGAAACCCATTACCGAGTATCGCTCCCACCTTAGTGGGTTCACCATGGAACTCAGCTGAGCATCTACTTCGGACGCGATCTACGTTCTCTACCACTGCGGTCCAGCTAGCATGGAGCCGGTGCTAAGGGCATGGGCGTGTTCTGAAATATCTCTCTTGGTTATGGTAAGCCGTCTGCCTCGCCTAAATCTGGTGACCCGTCGTGTAAGGCAATACTAATATTTCATCACTCAGAGGGGGTCTGCAAGAGCGTCGAGCGCGCTTACACCGTCGGAGTCGCAATAACCTCGACGGTGCTTTCCCGATCACAATCTGTTCGTGGTAGTCATCCCTTTAAACGTTTGTCTTTACTGCAGTTCCCGTATGGAATCGGGTCACAGGGAAGCACTAACGACACTAGCGATGAGTTGCCGGTTCGCGGCGGGATGGTAATGTGCCTTGCTCCTATCAATGCGGGTCGAGCGTTCTAAGCAAGGGTCCTTCTCGCACTATTTCGGCCCTTTAGCTAAGAGGGGCGAGTGTGGTCGTAGGATTTGAGTGATAACAAGCTGTGAAGTCGCGTCGGCTTGTAGAGTTCACATGCCACGAACCCACCATACCGGGGGGAACGCGTGTCACACCACTAGTTAACGCTCGTTCGCCACATGAGGTCGGAAAAGATTGCCGGTGGCATTGCTGTGTACGCGTGGGCATTCAGAAGGCGCG,GTATACTTGTGCAGGTCGTGTAGCGCAGTAATGTTTAGGTCAGCCATACAAATACGGCAGGATGGGGCTGACAGAGGGGCCTTCAAAGATGAGGGGCCTCAAGGCACCGTACCACTCCATAAGGGGTGCCTTTCCTGCTATTGCTCTTACGGGCTGGCGTAATGTCATTGGAAGATGGGGTCGACCGCAAGTAGGTGAGGATAACCTGAACCTGGTCGGGCAAAAGCGCATGTAAGCCCCCACTCAGTATTACGCCCGCAGATTTTGAAATGTTCTGGAACGCCACCGCGTCACAACATCAGACCTGAGATGTTGTTCGTGTGAGTTCTGACCGGCTGATCTCGCGATACATGACCTCGGTGGGAAGACCAGATGTAATCGCCCAGGACAGTTGTACCAGCCCTAACCCGCAGCCCCGGCGTTCTGTTTAAAATTACGACTACGCCAACATGTATAAGCAGAGGTAGGGCCTCTACCGGCCTTGAATCGCCATAGAAGGAAAGAACGCCTAGCGCCCGGGTAACTTCGCGACGTAGAGTGTCCCCGTCCTGACTGGCTTTGAAATGCAGCGCTGCCCACAAGGTAGGAGCAGATACATGTATGTTCACTGTCCACCCACCGCCTTAATGGTCCAGGCCCGGTTCCGGCTCCTAGCAAAATCTCCACGCCCATTCGGTGTCAGCCACGAGCCGCCTAACACTGGGCAAAAGAAGGGAACGCCAGATGTTGACGTAAGAACTTACATGTCCCGGGTAAAAGTTCTTGCGACCGACCGGATCGTAGCCAGTGGGGTGCGATGTTGACAAGTAATCTGGGTGAGTGAATATCACTACGGCTGGCCCCCAATTTACTGTTCGACGAAGTATCAGCTTAATAGCTGCTCGGGTTTATACGATTGTCCGGTTCGCCGGGTCGCACGCTGTATTTGGGATTGAATCATCGCCTCGGTCTGGTTCATCGTTACTGATGTGACTATCTCGGTCCTTCCGCGTCGACGCTC,CCCTAGTCGGACCTACATTCCGCTTATGAGCGGTCTCATGGAGCTAACTCAGAGTTGCGTAAGCCCAGTGGTCTGCTGGTGAATCACTTCCATATGTCCCCTACACGCGGGCCTGCAAATAACTGTACGATTCACGTGGAGCCTACCGGAGTGGAAAAAAGTCCAAGATCCACGACATCGTGGCTTTTGTCTAGCTTTACTCGCCCATAGCTAAGAACCGACGGAAGATTCGTCCATTTGTATTCCTACTGATTTCCCGGACCGGTTGGCCCCGGGCTAAAAACAATTTTCAAAAGGACACTACAGGCAATAGCGGGGCTCTAAATTCTGGCGAATGTGAGTTGTAGGGACTCCGTCCGTCATTAATGCCAAGGTTTCCTCGTCAGGATGATTGAGCCTCCCCTGCTATAAATTAAAGAATCGCTGTAGCATGTTTTAGAAGGGTTTTATAAAAAAACCTCGTGGGTTCCACAGCCCCTTGAGCATCCTTCGCGCTATATAATCAATAATTTAAGCGGTACATTGCCTCTTGCACGCGGTTCGTCCTGTCGTCGCATGGATCTACCCTCGCTACTAATACAGTGCTCGCTACTGAAAGACCCTCGAGTGCCATGGTGCAATATCTCACAAGGTTGACCGCCCATTATAAGGCGATTCGACGCCGGTTCGCGTGCTAAAATGTCATACTTTTCTGACTTTTTTTTGGTCTTGGCGTTATAATCTACTTTCGATAGTTTTATGCAGTGTGAGGGCGTGTCTGTGCAGGGTAAACAATGACTCGCGAGCGGAGGGAGAGAAATATCACGCTTCGCGAAACGTACTATGCCGACGGCGTCAACGCCGAGGATGCATGAACGGGAATCTACGTTCGTCGGTCCAATACTTAACTCATCCAGAGCGTCAAACGTACGTGAGACTTTGTTTAGACTCGAATAAGAATCGTAGGCTCCGATTCCGTAGCCTCCAGTAAAATATGGTTACTGTTCCAGCTGGTTTTGCC,TTCATAACTTCGGATTGGGCGGAGAGGCCCTGGAAGGGCACGAGCGGATCTACTCGACGGGCGGCGTAAGTCCCTACAACTGGGAGCTTAAAAAGGGCCTTGGCTTTTCAGAAAGAGCTCGACGCGGAGCACTACCTATTGTGTTAAAAGCGCGCAACTTTTTATATTCGAACCCATGTCCCTATCACGGGTTCTAACACAATGCGAGAATGGTCCTTCCTAGTCGACCGGCGCTGCGCTATAGTTTAATCTGCTCGGGAAAAAAACGCGAACATGCTGCGATTACCATTCCAGCCAGGCAAGGGTGCGAAAAAAGTAATGTGTCTTATTCCAATATTGATTAGGTCCAGAATCTGGACTCTAGCCACGAGTCGATGTCACCGACGAACCACTAGATATGTAGGAGGAATCCGGGACTGCCGATCCAGTGCCGTAGCCCTATTCTCAAGACGCGACCGCAGGCCTACCTAATGACTAGAATCGTTGTTTCCCACATGCGTGCTCCGATCGTACCATCAGGTGTATTCTGTAAATCCAAAACTAGAAGAAAAGAGGACTCCCCGAGCAAAGTCCTGCAATCAGCGCACGCCGTTGAAGCAACCAGTACATCCTGGTCGGCCATCCTTCATCTGACACCACCCCTCTCCCTCGCTATCTCAGGTGTTGACGATCTGGATGCCCTACGTTGGTCATGGTTGAGCGGCACCAGTTACGGGCTTTGTATGGGCATCAAGTACAGACATCGGTTGACTTGGATTCTTGCAGGCTTCACCCTTACGCAGAGTGCCGTGTCTCCACGCTGCCTAACCAGGCACTACCACACAAATATAATAATCTGCCGAAAGCTTCCTTGATTCGACTCGGTTGTGCGAGTTGTTCGTGTCATGTCGAGCGGCCATATCGAAATTGTCTCCATCTGACTCCTAGGTCCATTACTATCGGGCTAGACGGCAGCACTTGCGGCGACCCGTTCTGGTCTTCAGTATTTTCGCAATTGGCA,AGAATACGGCTCTATATTTCGGTCGTTGGCCCCCGTGTCAACCAGTCCGCGAGTTATGCAGCATCGATGCCGTGGGAGAACGTTGGCTTGCGACACAGCTGTACTAACCAACCCAACGCATAAAAACAATTCGACGGCAATGTTACGTTAAATTTACACGCTATCCTCTAATTATCTAACCACAATGTAATTGTATCCAATTTGAAAGTAAATCTGAAACTACATGCCCCTGTGTAATAATCCCGGTGGAAGAAATTGCCGAAGCACCGTTGGGCTAACCCCAGTAGGAGCTTCCGCCTGCGGTCTAACAGGCCTAGTGCTGGAACGGGAGGACGGCTTAGCCAGCGAAGTCACGGCGTGGAGGTCGATTGTTTACGACAGACTGTCACCGAGCCACACGCAAAAAATGTTTACAAGTGTATGAATGCTCAATTTCACGGTTCGCCCCCGCATACTGTGTACTTAACCTGTATGAAAGACACCATCCGCAAATGTGGGGGACGGGAATAGGTGACCTCCAGTTCTCTCGGGCGCGGTAAGGGTCGTTCTACGCGCGATTCTGATCGCCCTATTAGGATGAAGTTATGAACTCACTTCACACGCGCGACTTCATACGCGTGTGTCTCGTGTATGAGCTGGACATACCTCCACTCCTTCGTACTCGGCAGCAATCTCTGAAACCATACGACTGCCTGTCAGGTAATATCGGATACTGTCACTCCCAGCTCTTTGCAAACTACTCAGGTCCCTAAAGATGAAACGTGTCTAGCATAATCAAAGCTACCGCGTGGGGAGTAGACAAATTTAGGAACGTCAGTTATCCCTAGGCAGCCCAATGGAATGGGTACTGGTCCTTTAAGCTACGAGGAAGCCAGCGCTCCCAGGGGGCCTAGATGTCCATTGCCTGTTAGCGCTGTATCTCGGTACTATCACTTTAGAACACCTTGGCAACCTGCGCCCTGGATGTAACTAGCCGTCCAAGTATCTGTGATGACAGGCC,GCGGTAATTTGAATGATACCGCCGTGTGTAGCGCGTAGTGAACATGCACGTTTACACTAAGACCCGTCCACCGGTTTCCGCGACAGGAGCGCTTCGATCCCCGCCCCCTACTGATCATGGTCGGGTGTCATCGGATTAAGCGTTCAGGATGTAAATAAAAAATTGCTTTTCGCAGTTAGTGAAGATTTCACAGACCTAGCTGTGCAGCCGATCATTCTACCAACTTAGTACGGATCGAAAGGCCGCAGAGTCTTACCTGAAACCCGAAGGTTAGAGAACTGTCGCAACCTATCGATCTTCGGTTCAAAATCGTGCACCAGTTAAATAGAAGCACAATTGATGATTGCTACCCCAGATGGTATCCTCGGCCTGTGGTTGTATGGGAAAAGCTGAGGGGAATATCGTTTTGAAAGGGTCACTACCAGTGAAGAACTGTGCTCCTCCGCAAGAGTCTTACATTTTCGGCATTCCTATGAACAGGAGAAGTACGGGGATTTACAAACCACCCTGGCGACTCGAGTACTCGGCCGGTAGTTCTAGCGCTAATTCATGCGGAAACTAGGAATAAGACAGTAATGCCACCGCGTCCCTAAAGTGTGAGCCGTGTTACAAACAGGCAGGTATTACGACGTATTCACACGATATATTGGAGTCCCAAAAAAACGAAGTCTCACCGTACGGCGAGATCTCCTCTTATATACGCCCTTGAAGGGAAGCCCGTCAGATATAGCGCATACCTCTATCTCTAAAGCCGGACGCATTAAGGCTACGGGACAGGCGCTAAAAGAACGACATGCAACCATCGGTGACTCAACAAACTCTACGCGAGCGTTTTTGCCTGGTGGTCAGCACAACTATAGCAGCACTATTTGCGCTGCTTTCTCGACGTTCAACACGCGACACCTATACATGGAAGTCGTACATGGGACTATCCATCGGCTGCCTTGGACGTCGTGTTCCAGCCCATAATTTGATCCTTTGACCGTAAATATACTAGTCA,TACATCTCTTTCAGATGCATGCACTTTCTTGGCAGCCGCTAACCCTCGCTCCGGCAGCCGTAATGCTGCAACGCAGACCTCCCCAGCGCTCTGCATCTTTACATGATCTAGCGGTACGAGCCCGTACGAACTCAGACTGGTGATCACCTCCGTCCAAAAGTCAGAGCCCGATGCACGGACCATTACAACATAGAAATGCATAACAGCACGTAGGGAAGACGACCCAAGGATCACCATCTGTCATGGGTCAGTCCGATGTCGGTATATAAAGCTCGGCGATCGGTATTCCTTGGTTGGTGAACTACGTACAAGGCATTTACGGGGGTCAAAACCAGACTTCCACGGTGGGTCTCAAACACACGAGCGAGAACGCTTTCCACTAAACCTTGAACAAACCTTGAGTAAAGATTTTTTGGCTGGGGCACCATTTTCTAGATCATGGAGAGTTCAATAACTCCCGGACTATCCGCCCGCTCCATCGCATCGTACAGGCCATTATATGACGAAGATATTTGATTCTGGTCACCTTTGGTAATACTATACGAAGTAAACCACGCTGAAGCGACCTTAACGGAGACTCGTTTACTACACAGCGTCTGGACGCATAACTAAATTAGCGGTGCAGCTCTGACAGTGTTCACCTCTACTGGAGCGTCACTGCTATATACTTGGACATCCTTTATGGAGTACGCACCCCAAAAACTGTCAGTGATCTAGGAGTGTTCATGAGGAAAGGGAGCATCTGAGCAAGGTTTGAATGGGGGTCATCGCCCACTTAACGAAGGTTGCAATCTAACCATGAGTGTGGAAACACGCGTTGATCGTTGGCCTCCGGCTAGATAACCCGATAGCTCTTATCACTAATTAACGTACCCGTTAGGGGCAGGTGATAAATAACAACTTCGCGTTTAGTGAAATCAACTGGCTCCTGTAATTCAGTGTTAAAAATCAATTGCCAACCTGGTAGCGGTGGGAGGGAGCGCTCGATTGCGAGTGGAGA,CCCGTTTCTCAACAAGGGGCGCTCGTTACCCTCTCCTTGTACAACACGATTCAGGATGGCCTATCAATCAACCCTGGGTGATCCGCTAGAAGTAAAAATGTCGGCTCGGCTAGTCTGGGTCTAACCGCTGAATGCTAGCATAACCTAAAGAGGTTGATCGCACGAGGGCAGAGACGTTATAGTTTCCAGTCCATTCAAGCCCCGACATGAACCACGCTCTTACGTGCAATCTTGTACCATATACTGGAGGATATCATAATTGAAGTATGTCGTGCCTTGTATGGATAAGACTCAGCTGCAAAAGTCGCCGATGTTGAGGATTTTGCGGGTCATAGTCTTCGGTGACCGGTGGCTCGCTAAAATATCTACCCGCCCAATGAGTGAGACAGCGGGTACGACCCTTAACGCAGCCCCTTTGGATCCTAGAAACATATTTGTATACATGCCGCGTTTATGGCGGAGCGGAGACGCTACGATCAGGACAGTTTAAGTAACGTTGGTCTAAGGGGTGCCTTTAGGGCAGCTTGTAGCACCCCTGTAAACCGACAATCCCGCCTGAGAGTTTAAGGATTAGTAAGCCCCTCTATATCTCGACGGTTGGGGCGACGAAAGGCGGGTGACAAGAAGGGAAGAATCATTGTCGTACACGTTTCTAGGCCCCAGGGACAGTATTGGAAAAGAACTCCGGCCTTCTTATTTGTTTATTCGCGTTAACCGAATTTATATTGAGAATTACTCAGTCCGAGTCAGGAGGCGCACCTAGCCAATTTGAGATTAGTGCCCGTGTAATCAGGTATAGCGAAGGCGGGCGTTGGAGCTCTTCAGATACTAAACTGTTCTCTAGCGGGAGGTGTAGTACCTTAGCCGTGCGGCGATTACGGCATCCAGGCCCTTTCGAGAACGTAAGGGGGGAAGTTAGCTAAGGGACGTTATACACGAATTTAACAACGATCAGTTGTAAGAGCGTAAATACGTGCTACATAACCAACTAGCTTAAGTT,GGCACTGACACCGGATTCTCTGGGGCAAAGTGCTCAGATCGAAGTCGAGGTAAGGTGACTCGAATCCTAATCGCAGACGAGCGAAACGATAAACGCAGCGGATGAGCAACAAAACGATCAGCAGAGCGCCAATTTAGCTGTACGCCACCCAAATAACTCTCTTCGTCCAAACCTCTGATATGGCGACCCACTGAGGGGTCATCCCACATATTAAGCGTTCGACCGTCAGTCCGCCTTGTTGATAAGGGCCACGTACTAGGCGCGGTAGCTTAGAACCAGCCAACAACCGGGAAGGGACTCTAATCCGTGAGGAAACGGACTCGTGAACGCCCGAGTGTTACGGTGTGCTACTAAGCGGAACATGTATGTCCCGGTCGGTCATCAGAGTTCGCTGGACACCCCTCTCAATTTACCGGCCGTTCCCCAAGGACTGACGTTCTGGGTCTTGAGTCAACCGTTGCCCCCGTCCACAGGCGAGGAGGTACATTTGAGGGGCGGTTATCAGATTGAGGTTCGCTGCTGGGGAAACAATGCGCTGCGAGAATCCATTCAGATTGTGTAAGAGATGTTGTTCGGTTTGGTTATCTCCTAAGGGTCCTGTGTTGTTAAGATCACGATACGCGCTCAACACTGTGCCTAAATTTAGGGCTTCCCACTCAAGGGAGAGGACTAATGCAATCTTTGTCCAATCTCTTTCTGGGGTATCATAAAGTAAAGGTCCTTGCCCGCCACAACCGAGAACGGGAGACCAGGGTTCTCTAGTAACCTCCGGCCACATATTCCATGCCCCTAATCCGGAGTCCGAGTAGTCTCGCGCCGTGCTAACCCGCCATCTGGGAAGCTCCTTTAGGTTGGGTTTGCGTCAGATTGTTCTTTGTTATGTTCCGGCGGACGGTTGCCTGCTCGTAGAGATCAGATGCAACCTCAAGGGGGCTGCAGAATGGGGACCAGGCATAAATTGCACAACCTTTTGTGGCCACTGATACCGATATCCCCATTC,TATAATCTAGATCGTAATAGGACTGTTTATGGGTGCACCCCGTTATATTACGCATCGCTACAAAGGAGCAACTCGACCCATTAAAGCGGCAGTGAAGAGTAAGCATCAACGCAAGCGCTCTTTTAGAAAGCATGTTGCTGCTTCTAGGGCGCTCCATCGGATTATCGAAGTGAGTTTCCTGACTACCGAACGTGAAGTGTAAGTTTGAAACCCGATCGCACCTACCTCTGACTGGCCGTATCCCCCTTGCCCTGGCAAGGAGTACCTTGCTAAGCATTCGGCGCAGAAATCCATCCACGTTGAGCGATACAAGACGATTGGATAGATCTTTATATTTTTCTATCGCTCTAATCGTGACAACAGTCTAGCGCCGCGTTCAGAGACTAGTACACTGAAGTACATTTGAAGGAATTCAGCAGTCAGTCCCGCGTCAGGCACCGCTCGGGATAGCAATCCTGGCGCGTTCCTCCTTCACTTTCCCAGTCCCATAAGCGGTAGCGATCCACGCGTATCATATAACAGCGGTTAGCCAGTCGCCTTAGGACTAGGCGTGTTTAGGGTAAACTAATAGCATCCCCCGCGAAGGCTAGCGTGATTATTAGACCGATGACCTATTAGAAGACTATACCCAACTTGTCTCTGACAGTAGCTGATTCGAACTGACCAATAAGCTATTTAATTGGCATCGACCAGTTTAGCTCGTATTGGATACAGGCTATCGTAGTAGCCCAAAATATGAGAATAGGATTCTCGGGATAGCGCGGCACGTACGGCGGCAGCTAAATACGCCAGCATGTCCGTCCGGTCACCGGCTGTTGATACAAACTGTGGGGTGAATGCCGGGTGGATACTCCGCGGAGATCTTCTGATATACCAATCTAGAAGCGGTCCTCGCCAATCATGCAGACCGCGTCTATGTTGGCACGTGGAAAAATAGGAGGCTTGCTTAGCAGCAACATCTGACTCTCCTCCCAACAATCAGTTGGTATCCGGGGAAATG,GCTAGATCCGTGGTCTCGTCACTGGCGGAAAGACTTTCTCTACACCGGCGAGGAGGCAGGTGAAGATAATTGTCTCATGCCTGCCCTGCCAGAGACGCGTCAGCACCGGGGCCACTGACGACATCGCGCCCAATACCCTAGGTAGCGTTCCCAACATATGTCCTTCAGAGTTTCATAGGGGAACCATAGGTGTGAGTCGATAAAGGATGAAGCATATTTCCAGCTTGAAAAGCTGACTCGAATCCATGCGCATATTCAACGGATTACCGGTGAGCAGCTGTCTATTCATGGGAGCCGCGGGTATGTAAGGGTACTATGTCCTAGTAGAGATTGTGGCAGGAGAGGTCCGAACTACCGGATTCCGCGCTACCAGTGGAGGGGGCTCACGGTAGGCCCCCACATTTGTTGGCCCTGTATATCAGCTTCGGCCTATGGTGATACAGTATCGGATGGGCTGACCTGCAAACCACAAAATCCGACACCCCACACGGAGGCGGTGGCGTAGTCTTTCTCTGAAAGGTACCTCGACCCCGTACCTTCGGCCCCTTCTGGGCTTCACAGAGCGTTCGGCGATATGTGTGGCGTGGCAAATAACTACGGGAAGAGATTGATAAAAATGTAAAAACGATTTGAGACTTTTATCATAACCAAGGGGTTTAGAACGACTTAGCTTCATTAGGCGGCCATCGTTGCTTCCGTTTACACTCGAAAGAGGATGATGCCAGCGGTGCCGATCAATTTTCGGTGGCAAAGACTGATGGCTTGAGCTCGCGGACCTCTGGCTTCGCTGAACATAGGTATGTGCCGTACTGCAAAGAACTGTCATCGATGCTGTTCCTACGAGGGTCCCATCCCTTCCCGCTCAAGCGCGCTTGAAAGATTGATGGACATTAAAGCAGATAGCAGCGAATGCTAGTACAAGGAGTAATCTGCAGTGAGGCTCTGAGAAACAATGTACCAATCCGACGACCATAGCGCCTAGCACCGGACCCCAGTGGAT,TGGCCCATACCCCATGAGCGTACGCCAAGATGGTTGACTTCTTGACCCGATTCACGGTTGTGATGCCTTACCACACTCAAGCCCGAGAGGGGTATTCCGAGATGATGGGATTATCCGCGCCCGCTTTGATACATACTCCCCGATTCACTGAAATCCGACTCCTGAACTTCGGTAGAAACGGTTGTCATCAGATCCATTTCGATCCCCGTAGTTCGTGCGCATGGAAGCTTGTCTTAAGAAAGAACAGCTCAGTTTAGCAGCGGCCAACCGGAGCCGAATCTGAGGGTAATCTCACACTGGCACTCGCCGATCCATATACTTTTAGCCGATGGCCAGGTCTCCAATTATAAAACTTGTTGGATACCGGGCGTTAGGAGATGGTAGCGGGGGTCAGTCGTAATTTCTATACACCGACACGAACCTCAATTCCTTGAATTCTTAAATCGCACGTAATTAGTCACCCGGAAGGACGTTGAACTGTTCGAGTCTTACTACCACATTTATCCTAATGGGAACCGTGCTATATGACGCGCAAGCAGATGGCAATAGACAAATCGGCTTTTGTCGTGTTAACCCAAACTTTCCTTGTTGAACAGTACATGTGCGGAATCAATGATCATAAGACGTAATTAATTTGGAATTCGACAGATGAGCCAGCTCAGTTTCAACTGATTGCAAGTTGCGGGGAATGCGACTCGGCGGGCGTGCGGCCACCATGAAGCGGACATTTTTCTCTCACGAAATACCATTCAGCGTTCGGGACATAGGGTGTAGGCCGGCAGTCGGTTCCCGGCGGAACGTAGTCGGCTGAGGCACGTCGGCTGTGCTATCCATTCGGCACAACTGTCTGATGACTGGCCTTAGCTATTGATGATCTAAATAAAAGAGCTTGATGCCCGTGTCTACTGCACACGCCGATAGCGAGATCCTGCAGGCAATTCCCAATAACACCATTTCGTGCCCGCGAGATATTCCATTAACCAAGTTGGCTAAATAGATT,CGACGGTATCGCATTCATCCATTTGTGAGGTTGCATTGCAGAATCCTTACAGATCGAGAGTAGACCACAATCCCCATAGGGTAGGGCGCGTGAGGGACAAATCTTACAGGATACAACCTAATAGCAGCCCACGGAGTCACGACAATCGCTTGTAACTATACTTCAATAGTACCTGTGATTGAAAAGGGGTCCAGTGTCGTATTAGTGTTGAGGCAACATATACGTATCATCACTGATAGGGACAAGCGGCCCCCAGCCATCAGTTTACGGAACTTCCCTGCCGCGTAATAGGTGTACTCATGCTAGTGCGGAACTATGCTGATACGGTGCGCTGCCGGCTGGGTCCTTGTGGTAACTCCGGATGGGAAGCTTTAATGCCGATGGTCACCATAGTCTACATTCCTAGACGGTGACTCTGGGGTCGCTCGGAGAGCAGAACTAGAGGGATTAGTGATTGTTGGCACATCGTTGTAGTCGCGGTAATGTTCCCCACTTTGTATTGTCGCCTGACCTCTTAGCCAACCAGGTCCACTTTGTCTCGCCGACTGAAGAAAAGTGGGACCGTCTAACCCCCTGGTCTGGCTTGAGGCACAACTATCCTCAGCTGCCGTCTATATTACTCGACCATCTCGTTTAAGAGACTGTACCTGCCATTCATCTAGTCCCCGGGCGAGTTAAGAAGCCACATGCTGCGTAAGATGCGTAACAGTCCACATGGCAACAGGCTAATTTGCTGCGGACTATGAAGGTTGGTTAAACGTGGGTCTGCAGCGTAATCCGGAAGGTCCCTAACCGTTGTAGACGCATGCTCAGGCGAACCAGTACAATATACCCAGCAGTGAGCATCAATAATCTACTGTTTCCTAACTGCCCAATGTCAACCTTAACCATGGACTAAAGGTACGGTACGTCATCGTTCTACGCTGTACAGGTAAGTTACCCAGCGAATAGGTGGAGGGCGCTTATAATTCGCTCACGACGATAAGGTCATTTGCGAGAA,ACACTGTTGGACCATACACTAGAGACCTCAGCGAGCTTATTCAGTCAGGGCAGAGAGACGGGGCGTAAGCCGGGCATCCTAGTCTAATCATAAATCGGCGGCCGCGAAGTGCACGGCTGCCCGGCGCATAGCCCTAAAGTTTTTTCAGGCTATCCGCCACTAGGTAGAGTGTTTGGTAGAGTGGACTAGTGGATAGTTGAACATCTGTTCCTATCTTGGCCGTCCCTGATCAGCGAAGACCATATGTGGGTACCACCGGACCAGAAGGGCGATTACGTCGTCTTGCTCCGAAGAGCCATCTTCGCAGGTCGTCGGTCGTATCCAGCTCCGACAATGCCGAGTAGTAGCCACGAACCGACGCCTTATCTCGCAACGTTTGAGCGAGCCAGAACTTTGGTTTATGTACACAGAATCCTAAATTACTCGGCCTCGAAGTGACCGCTTATATTTATATCCGGCTTCAACTTTCCAAACAGCGAGGTGCCAAGACGTCCGTAGTTAGGATACCAAGAACACCACGCATCAGCGGAACTGAGTCTTACGTAGGTTGGCTCAGCGTCCACTGTTGACCCGTTAACTAGTCGAGGAATAAAGATGGAAGTGAGTCTGACGAACATTGTGGGCCCTTACATCAATATAGAACGTCAAGACGTATCGTCCCAAATCAATACAGTAGAGCATCGAACGTAAGTCCAGACCATTTGCGGAGTGGTTCCTCGGAACAGGTTAGCTCACAGCGTCACGCGTGTCGTTATGGTAAGAGACGTGTAAGGCGCGCCCTAAGAAGCTCCTGCCATATCCAATAACATACTCAAAAAACCACTGATTCTCGGATTCATAGTAATATGGGAGAGCCCGGCCTCACTGACGTATCTAGCCCGTGGGGGAGCGGGGTGTATGGGAGTTATAAGGCTAAGAGTCACAGACCCACCACTATCTCTTTGATCCCGTCAATGCTATGAATAAGGTTGGAGGGTTACTACTTCCACACGCATTATAA,AGATCTCAACCGATTGCGTAGTGTCCGATCTCTTATAACCAATGAGCGTTCCGCTTGTAAACTACGAGACAGTAAGCCATACCTTACCTTAGGCAGCCACCTCGACTAAAATACTTTGAGTGGTATATTATTTTGGAGTTTCAAGATATCTTTGCGCGTCAAGAGCTACTGTTCGCATTACTCACTTGAGTCCGCCACACTGCTCCGCAAAAACGCTTGAGAAGAGAGTGACTGGATCTTGAAAGAATCGATCAATCATCGCAGGGTCAATGCAATCACGAGCCACGCAAACAAACACCTGTTGTGAGAGCCTAAAAGTTATCGTTACAAGATGCTCATTGCCCTTTACGATCCCGGGTAGCCTGTACTCGTAAGGAGCTGAGGCATTAAGTCTTGGGGTAAAATGCGGTATGTGACCAGGAATAACGCAAGATACCACAATTTTTAGCTTAATCTGCAAAAATAGAGACTTTAACAGGCGCCTGGTGTAAACCTATGGACTGGTGAAGAGCCGTCACGGCCAGAAGGAGGCTATAACATGCGTGCTCGGGTCTTGCATCTAACGCTCCAAGCCTTCGTTCTGCCTTGGCATTTCTACGTCTTCGGCTCATTGACTAATCGCCATCACTTTCTTAGGCGCCAGGAAAGAACTGAACCCCTCTTGGTAGAATACCTTAAACCATCTACCCCCGTCGTCACACCCGGTTTCCGTGATGTGTTATGCATATATTTGCACAACGTACGTGCAGTTGTGATCTGTGTAGGGGACTGGGAAGACTCGAATGAACCCCTTTGGGTGAACGCGTTAAAGTGCGGCGCGACGGCTAGCTGCGTGGTCTCTCCCATAAAGCCCTAAGGCTGGGATGTCGGTTTTTCGCCACTACTTCTTACCCTAAGCGATCACATGAATTGCCACGTGCTAACTGGTAAGTGAATTTACACGCGACGCACGTCCCCGTCCTCAGATCCTGGTGTACTGAGCCATTAATGAGATTCCAAG,CGCAGCGCATAGCACTCGTATCCCCCGATGAAGTCGGCACATATCAGCTGCGCCTGGCGACTTAACGCTGGTCACTAATGGGGATGAAGCACAGATCAGAAGCGTGCTTTAGAACGGGCGGCCGGAACGTCCTTCACGTCGCAAGCGAAACCTCGGTGCAGCGTGGAGTCCACAAATGGCAAAATCTGCGCGTCTGCGCCCTGGCGTTCGGCAAGCGAAAACACCACTGAATCAGGGTCGTAGGGCTTGGCTAGATCCGGTAATTCGCGACGCAGGCTACTGGAGAGAGATTAACACATGGCGAGAGGGCATTCATTGCCCAAGACTCCAATCGAACTGTCCACCGGAACCTACGGACTGTCAGTTTTGGATACGTGTTGCTGCAATAGGCGTGCACAGACTTACATTACGCTGTTAGGCAGACTGGCGAGGAGCTAATTAAGCCGCTGAGGCCATACGGGTCGCGTCGGGTAAATGTGTATAAACGCGCGAAGGCATGCCTCTCAACGTCACGCCCATGTTCTGACGGAGAACGACTGGTGGACGTGCAGGTTTAAAGGGTCGTAAAAATAAGACTCACCTCTTTTCGCGTCTGCGCGGCCCTGTTCAGCCGCGCCTACAATGCAATCAGAGCGGGATGGTTCGGCCGCCACGGCGGTCTATCAATGTCTAGGCAGGAACTCTTTCTTCTTCGTTTTCAACAGCCGGGTCCACGGGTGACTGTTAGCTAGGGGTACAGATATTCGCGCACTTGTAACATGTTTTTGCGTGATGGGGGTAACCCGTAGGCAGCATATTCCTTGGCGCTTATCAGGTCCTGAGTCCGAGGCGCATGAGACATATCCTAATTTAGGCGAGAGCAATACTGGTATTCCCTGGGGAAACACCGTGCGACATGTACCGCGCGACTGCATTTCCAACTTGTACTTACGGCAGTGCCCGATAATTTTGGACCGAGCTACCAATGGAGTGGGGTTTATCTCGAACTGAATCGGAGCTG,TACAGATATATAGTCTGTTCATGGTAAGTCGGTACGCCACCAGTTCCCGCGCCAGCCCTGGATTCGGTCCGGCAGTGATCAAGATAGTAATTCCGTCTGCACTTCGATCACGTATAGTCTCCGCCTTCGTACTGGCCCGTAACGTAGTATAAACTCGAGATATTTGAGCTTCTCTGAGAGAGGGGGATACGAAGAGTTCAAGGAATGGATAACCGCCAGTCTCATTAACGAACGGACTCCCTAAATGCAAGGCTTTTTATTCATCCGTTGCATTATTGGTCGTTTGATGATCGTCTCACAGCAGAGCCGCCGGATGACGAGATGTGCCGTAACTGCACGATTGTGCTTACGGATGCGGGGCTAGTGTACCCTGTTTATCAGCTCGGAATTGAGACCCTTTGATTCAACGACGTCATCTCTACGATGTAACGAGAGATGGCGAGACCCTTGTACCCATCCGCCGTACGCACTTGGTCCCTTGCCAACTATGGAGATTGCGTCTCTGGTAGTCCTCTCCTCTAGCGCGTTCCCACTTATGCTCGAACAACGGGCCAATCAATAGTTACCACGCGTCTGCGCACCGCTTCGTGTCCATCCGGTGAAAGCTGTTTAAATAGCCAAATAGGAGGCTTTTGGCTGATGCATTCAGCGTCGGTACATGGAGTAGGTGTGAGCCAGGTCATATTTTTACCTGCGGCGACACCATGGCATGCGCTCCAGTTGTAGTAAGGGGACCTCCGCGCACGATCTAGCGATACTTGTGACTAGCACTGGGTGCTGCTCTTGTACGTAACAATTTCGCTTGTCTAATCCAGGGCGTCTCTAGTACGAACTTTACACATCAATGTCACCGCGCCGGTCCACTAATGTACTCAGACGGTATGTTGTGCTAACTAATTCGATCTCCTCGGGTCCCAGGAGAATACGGTAACATGCTCCACGCTGGGTAGAGCGCAAATAGTGCACCCACGTAGGCATGGCCACCGTTTGCGCTTACATG,TCATCCCTTCTCACCGACTATCTTGGACACCGGCTTACCGAAGTATGTCGACTACAAAGGACCAGTCTTCGAATGGTTTGTGGATACGGTTCCAGAATGGGAACCATATCTTATTGGATATCAAGGTGTAGTGATATGGTTTATAGCCTTCGGATGATGGCTAATCATGAGGTACGCGAGCGTTTCGCCCATAGCCAAGCGTGGGATGTCTGGCGACCTACTTAAGAACGCAAAAGCTGAATACTTCCTCTCGGGCGCGGCGTCCAATACCATTATAACGTAACCCTAGTTGACAGGCGCGGGTATCCCAAAGCCGTCTTCGATGCTGGAATCGCCCGGGTTTTCCGGGTAGCGAGGCTCGACGGCCAATCACTTTGAAAACTTTTTGGCTCTGCCCACCTGGCCCCCGGGTAGACGGGACGACTTTTAATTTGAATTATTCCCATAGGGGTTTATCTAATTTGCGCTCCATGTTCTGTAAAGCCTAAATTTGACCTAGTAGATACCATATACTAACACTGGGTAACAAAATTGCACGTTGACCGGCAGATATGATTGTACAGTGCCCGAAAATTAAAGTACCCGGTTGTCTGAATCTACTTAAAGCTATGCCGATGCGAGAAACTAAGTCTCATTAGTGGCTTCTAGCATTGGCAACGAGGAGCCCGTATCCTAACGGTCTATTTATGTAAACCTTTATGAAGAGTACCGACGATGTAATTCTCTGCAGTACCTCTCGCCAGTGGGGGATACCGTCCGGTGGACTTTTTAGGGGACATACGGTCGACATTGTTCCATCGTCAATTTAAGCTGTAAGGCTCCTCAAAGAACAGTGTCTTTATCGGCTAAGACCTTGTATCCATACCAGTTAGTGTCCTGATGAAATGCTCGCATAAACTGTTTTAGCTCTATCCCTCGTCTCCGTCAGGGAGACAACGGGCGCCGGGGCTACGCTTAACCCCGTTAGCGTGGGAGCCAGTTACCTGTTCTGCCATTGCCA,ATACCAAATTACTATTAACGAAACCTATGCGTGTGTGAAAGCGTTAGCGGCTCGCACGGTTTTACGCGAGTTAACCTGACTTATGCCACCATGCAATCGAAGTCCATCTGGAATTCAGCTTAGCTCAATACCTCGATTACTTTACCGCCCCAGGCACGAATATTATAACCAGCAGATCGTTGATGTGAGCGTCCAACCCGTTAGTAACCAGCAACATGTATGTCCCATGGCTGCTCCATTGTACGGAGGTTAGCGCCAGCAATCAATTCTTAACACATATCGGAATCCACATTAGTCAAGCCTTCGTATTCAGCAAGCCGTAGCCACGGATCTGCCCTGCCGAGTAAAGGCGCCCGCAATACCCCCGAGATACAGGTCTCCCACTTACTTGGCTCTGTTGCGGACGGGGAGTTCTGAGCGGGTAAAGCAGTAGGCCTAAAAGCAGGCTTAAAGATGCGTTGCAGAGCGGGGCTCTCGCCCCTTCTTGAGAAAGCTATCGAGCTCTCGCGGGCCCCACAGTGTCACTGCCTTCAACCGAATCCACGGAGCGTGCTTCCGGCTAAGCTTTGAACCCACAGTCGAGCAAAACTCTTCTCGATCTTAAGCAAAGCAGAGGTGGCTCGGTTTCGTCTATGTGCTGTATATACCCTGTGTAAGGGTCACCACGGTTCCCGTACTCCTTTGTTTAAAGTCACAATCATAACTGCTGTGCCCGACCGAACACATGAGCGGCACGTTGGCAGGAGAGCTTTAATCATGCCTTAACGTTGACGGCTCACAGTAAGGCTCTGTAGCATTTTTGCCCCCCTCGGTAAGGCAGAAGGCGAAACTCTACACTGTTTCAACTAGGGAGTACCTGTGATCAAGGGACTTGGTCCGGTTACGCTTTCCTGAGGGTGAAAGGGTGCTGTAGCGAATACAGTGGAAGTCATCACATGGTTAAATAGTATGACTAGTGACTGTTAAGGGGACCGAGAGTCGTTCGCATAGAGCCCGAGCA,CCGCCGTACACGGATAGAGGAAGTTTCAGGACGTGGCGAGAACATATGAGGAAACTGCATAGACGCAAGTCCAATCCCCAGATCGTGGCTAGAGATTGTGCACTGGATCAATAACATTAAATGGATAGAGTGCCCTTTACCGACGCATCCTCTTTCCGGGTCACGAGCGATCGTAATGGTGGTGCCTCCCGTGATTCGCGCCACTAGGCCTGACGGCCGTATAAATTCGACTCTCCTATTTCTCCTCGTAGGGGTGCCGTTGAGTTCTCAATCGCATTATCTTCTTGGTCGTTGGCTTGCAACTATGGCTGGAGGACAATAACGAAATCCTCAACAAGGGTCCCCATGATTCCGCCGACACCACGCCCCATTATTATCTATGAGACCCACATACTGCTGGAGGACAGCTAGTGCACAAACTGAAGAGATGCCTGGCCGCGCTCGGCTCGGGTATCAATTATTTTAATGGCATGGTCGTTTAGATATCACAACGTCTGCGTTACACATTCCAAAGCCAAGTATCATAACCATCTTCGCCAGTAAAGGGGTGAGGCAGCCCCGCGCTTCTATGTTTGCTGCATCTATGTCGAAAATCCGCCCCAAAGGACACAGGGTGGATGTAGAAATATGCTTAACGATGCTGGCCTAGTGTATCCTGCGTGTCAGTCTGCAAGCGGTGCTACTTGAGATCATGCGTTATTTGCATCGGTTGTGGTAAAGATTGGTGACATAGAGCCCTCGCGTTACCTTAGGCCAGCAAGGTGAAAATGGAGACTCACCCCGCGGACTCACTAGCATATCAAGATGTACCGATCCAGGAAACCGATGATCCCACTTCGCGTGCAAGGCGTTTGCCTACAGACGGAAGTAGGGAGGCCACTACACCCTTCGAAACCATCCCAAGCGCTAAACATTCTTATCCGCATCGTCAGCTATGAGTTCGGACGCTCGCGACCGCCACCGGTACCCCGTCAGGGGGACCTCCAGAATTACCCAAGGA,CACCAGACGGGATTAACGCATCCCCGTGACTCAGTTTACCGCGTTAACTTGCGCTAAGATCGTCCCTATTGCTCCAATTGTTTAGACCCCCTGGCCGAAACAGTCTAAAGTACTTTGCGAATTATAGGAGTCGGGTTCAGTCGGGCACTCAACCCCCCAAAGGGGTTTCGCGATTTCCTTATTAGTAATAACAGGGCTCGTAAGACAATTCAAGACTGAACGTGAACTAGGTCGAGAGAACGTCGGTCCTTATATGGATATCACCTAGGCGCAAATCGGGGAAAGACCGTTCTTTTCGGTCTCAGTATCCCTTGACATAACGGGTTCACCGTTGGCAGGTAGGAAAGTTGGACGTAATCCGGGTTTTGATAAAGAGGAAGCGTGTTTCTTGAGGGAGCTTTGGTATCCATGATAACCCAGATCTATTCCCCCGGCTGAGCCGAGGTAACACGCATGTTGGGCCCGAGTTTGCCTCCAGACTTTTTTATTACTTTAGACTAGTAGCACCTGTTAGATCAGGCGGAACGCCAACGCGTGGGGCACGGATTAGGTGAGCTTACTCTAAGCCTTTTATACACTAGCACTGGTGTGTCGCCGTCTAATGGAGTTGGACGCGAGGTGGCACATACATGCCTTTGGGATCGACCTATTCGCCTAACGCTTTGTTCTCGATTCGACGAAAGGCTGGGTGTGCTGCTCCCCACCTTACATCCTGGAACTACAGTACTGTAAGGAGATCGGAGCAGGAACTCGTGCATTCCTTTAGCGAAATCGGTATATATTTTCCGAATGTTGATTAACCTCAATGTTAAATTTCATTATCTGGAGTTGCTATAGGCGGCATCTGTAGAAATGTATCAATTCGCCGGACAAACGGTCTAGAAGTGCTGCTTGGGTGTGCCGGAGTAGAATCTCGACTAGAGCGTTGCCGCTGTATATTATTACGGGCCTCATGCTGCGGTCATAATAACAGTTAGGTACAGCGTCCCTTGCTTGCCTA,TCCACGGTTCCGCAGAAGCGCTGGGTCGCGTTGCGTATGACCGAGTTCGTTGGGCTAGCGCCCATAGGGTCTCATATCGCTAGTTCCTGAGCATCACCCTGTTAGACGCTCCCGCGGCAGGGATAATGGGCCTTAAGGTCCACATACGACCCCCACTTGGGAAACCTCGGGCATGGTCACCTCCTTGATTTGGATTGCCTTCTATCGCGAACACACGGACTCACGCGTGGAGATATAGGGCTAGATGGAAGACTTCTTTTATGAGTAGCCTAGGTAGGTTGCTGAGTAACCACAAACCGTTGGGCATGCTGCAATATCATTGTTCGAGTAAAGAGTTCTTTAGAGTGGTCGTTATACTAGGTATACAGAGTGAGTATATTGTTGCTTTAATCGCCTGCGTAATTATAATTTATTCGGTACATGAAGCGCCTCACCTGTCACCGGGTCTCTGCGGGTTGTCGGCCACTTTCGTCTCTGATACACGTTCTCGGCCATTGATTATAAGGCATCATCGGTGTATACTGAAGGCCACCCTCAGACGCTTTGGGCGCGAGACGGTCAACCCCCCAAAGGTAGTTAGTGACGCGATATCTAACCGGCGACCTCCGATAATCCACACCCACATTACGTTTACTTAGTCCAGAAGCTTACCACCAGAGCGTAATCAGGAATCCAGCAGTGACATCGAGTCAATGAGCTGCTATCTCCCCTGGTTTATTAACGAATTGTCTGTCCCTGCATATCGACCACGTGCTTTACATACTTGTTGTTGCCAGGTTCTGCGGAACAAAGGCTGCTAATTCTGGCTACACTCACAGAATTTCAGCAACATAGGAACCGCGGAGGTCCTTTCGCCGATCCCCCTTTACATTCGAGTGCCACCGGCTAAAGCGACAAGGAGGATCCTTGACTCATCATTAAGGGGTATCAGTGCGTCTGCCACCCCCGTGCCCGTATGTTAGCAAGTTGGGAGAATGAATCAACACTTTCGTTAACTGAA,CAGCCCTCTCGACTTCTAGCCGGTGATACCCAGGTAGGAGCCCGATCTTTACCACCTCTACCAGATCAAGACGTACCGAAGGGGTGTCCGGCGCATTATTGAAAGAATGTCGATGTCGACGATCGGATGGCTTACGCCAGCCCTAATCAGCGATCAGGTTGCGGACTTGAAACTGGCGCCCAGGAGCGTGCCCGTCCCTACCGCCTGTAGATTTCAGATCTTGTATGTGCTTATATCTAGGCAGGCTTACACTAGTTTCTGTGGGAACCGGTCATAGGGGATGAGAGTGGGATTGCGCAGTAGCATAGTCCAAAATGTACCGCAATCCTTCTGTGGTGATGATGGATGTCCCTACCAGCGCAAATGCCTCCGGTCTGTTGTGACAGGACCCAATCTGTCGAATTATTACCTGGAAAATTGCCAATCAAAAATATCCACTCAAACCCGATTGTCACCATTGCTAGTCTCTACTTCATTCATCTCTAAGTCAGTGGTGCTCCGGGTCGCAATAAACTGCTTAGTTTCGTAACAGCTTCAAGAAGATCCTACTACCTTGTCTGCAGCCTCTGCGCACCAGGATTCTTAAAGAAATCTAGTACTCCACAATCAGATCTGGCGCTACCAGGGATCAGGTGCATCCTTCGTAGAGCATTGATGATGCCGTACAAGAAAATGGGGTAACTTGTGTAGTAAATGTCGCCAGGTTTGCTCCCCTTAGTTATCGACGCTCATCGTTATCGGTCATTGGGGTAGACGAGAGGGCTCCGCTTTCTAGAAGCAGGCCGCTACCCGAGAAAATTCAAGACCGTCGATCGCCCGGCGTATGATGTATGCGGAAGATCCTTCAGTTGCAAAGCTTTCCTGTCCTCGACCTCCGCAAGGCGGGCGTAAGCCACCGGAGGGAGATGATGTATGGCATCCCTATCTGGCCGCTCAAGTACTCTTTAACCCGTCGTGTGCCTAACACGTAATCCCGCGCTATATGCTACGCCGTTCCTGT,TTTCTGTGCGAGTGAAATTCTCCCGGCGATTGAAGGAAGTCATGGGCCGCATAAGTGAACAAACAGGTATACGGCTTAGTTTACAAAAGTGGCCTACTGTGGCTCGTTGAACTGGAGCTGGTCCGGTCTGGCGATATTACTCGTCGTTGATTGATTATGGGTTGCGCACGTAAGATTGCGACACTATTACCTCATATTACGTTGTTGGTTTCGATAAAAATGCGTGCTCACTAGGTCACTTGCTAAAAATAGTGGCGACCGTTGACCATGGAGATGTATCTAGGATGCGGCAGCGCCATGTCCGAGTAAGGATAACTACATGATTATCAGTCCCACTCCGCGACGTCTCGAGTCGAGTCAGGCTGCTTGAGGCCAAAGTTGTGCCTGAGTTACGCGAATAGCCCGAGGCCAGCTTCTAACCTCGTTACTTGCTCAGAACGCCCCTGACTGAGCTGGCTATACTGGCACGTCAAGCCGTATTATGAAGTGTGAAACCTCATATCGACCCATCCACGCTACCATCAGCCGCATTGTAGGTGCTCGGTATTTACTGAGAGTAAAGTTTGCATTCCGCGCCCCGCCGGTCCCCGGATTCCGTATTAGGCCTCGGCGTAGATCGAACAGTTTCTCCAATGAGAGGACTCCTAAGAACACCCGTACGGTTGCTGGGACTCTTTGTGCAGGATCCTGAGCTATGTGTTACTTTCTTCAAGCCCTCGTCTTCACATTTCGTAACGTTCAAGGCCCCCTACTCTTTCAGATTGGAGCCTCGGATGATTGGCGGCATACACCACACCAATCATCTCTCTAAGACATGGCATTGTCTCCTTTACTAGTTGAGTGGACTAAATGTGCGCGTTGCGAACTTCCATATCTGATCACCACAGCATATGAGGTTCTCCAGTTGTACGCCCTCGGTCGATCCTGAAATTTAGTTAAAGTAATGGCGTTCGTGCAAAGAAGGTCCTTTGCCTGCGCGCTCAGACGGCTCTACCGACCG,23836d91-9b46-4b5c-99d8-63cdff9d4600,F,GCTGCTCACATTAATTCATACACTCTTTACGTGGCCTCCAACAAGTAACGCCGAACCAATCGAATGGGGAATACAGACCAGTGCCTCCGTTCGCTTGCCTAGAAAGCGCGACTCCCGGAAGAGATATTCCAAGAAGGGGAGCGGTCAGAGCTAGCAGTTGAAGATAGAGCCAGCATCATTGGTAACTAGATTTTTTTAGACCAGGTAACCCTGTGCAAAAGAGCAAGAGGCTTACCGTTAGGACCGCTACCGATTTAGTATTTGCTATCGGTTCTTACAGGGTCGGTGAGTTAAGAACTGGGTCTATAATTTCACAGTGTGGTCTAAACGCTACTACGCACTGCGACAGATCCCGGCTGATCACGGGAGCTATGTCCTACACTTAGACGTGTCTTTTTCGGATCCCCGTCGACGTGGTGCTAGGGATGTTAACGGGGCGCATAACTTTGTCCGTTGTCTTGGAGTATTCTTATTAGGATACAGAAATGTTCTGTTATCAGTCGTATGGGACCTTTGTATCAGAGGAAGCAGAAGTGTACGTGTAGTACGTAGCTCGCACCGCAAAGCCTACTATATCATCTAAAGGTAGGATCTCATCGAACATAACTTGTGGGAATGCTTGGACTTAATACGCCGTTGCAGTGAAATGAATATACATGAAATCTGTTCGGACCCGTGCGCTATGCTAGACGGACGTCCTTGGTCCGGATGCGCGCGTAAAGGCTAATCTAAGAGGCACCTGAACCCGTGAGATCTGGGTTTGGTGGCTTCGCGAAAGCAGTTACCGTACGTGGCCAATACAAGGCCCTAATTGCTGTTGCTTCATAGCCCTGGACTACGGCGATGGGATGGTGATTCGCGCACCCTAGTTTGATTGAGTACGAACTTTGGTGGGTGGAATACGCGTGGCGTTAAGTCTGCACCACCAGAGCTCCTACCTTGTCCTCGAGGTAAATTCGCTCCTTCATCAGGCGGCGACTGAAACACGAATGCGATATTC,ACTCTTATGCACGATCATATTTATTAACTGCCGATTGCGCCTACGGTCCTATGGACACCTCGATAAGCTCCAGAATGTAGTCCATATCAGGGTCGCTGTCAGCTACGAACCTATATCTGCTATGCAGGAGTCGGTTGTACCTATCAGCGCAGGCTAACGCGCCCGATGTGTTATGTGATGTTATAAGGCCCGTCATCTTGCCGGCACTTTCGTACTACAGTCGATGTATGCTGGGTAGCAAAACGCCACGACGCTACACTTGTTAACTTCCTCCTGGGCCATGTTGATTCAGTCTAGAAGAAAGGGCGCTGAGACGGCAAGCATAAGGAGTGCTGTTTCGAACAATGGTAGCACCCATAGCCAATGTCTCGCGTTACCACAGTGCCGCCGCTAAGGCGAGGTTTGGAATGGAGGCATAATATTCCCTAGGGCTGGTGGTTTCCATGACCCTGGGGAAGATAAGGCCGAGAGGACGACGCCATCAAGTATAACCATAGAGTGCAAGACACTGGGGCCGCGAATTAATAGCTTGTCCAGGGAAACACCTGGTTCTAGGGAATTATCGCGGTATGGTGAACTTGTCGCTTCTTATTCGCATGAAGGTTCGTCACGAAAGCATCGAGAGCGACTGAAACGCATCGCGGTAGTGGCCGTAAGTAAACTTGCTTATTCAAGAGGGGGTGCTGGCTCGGTCGGATATCCATTGGATGGTTTTCGGCGCTCCACTATAGTAGGCCAAATTTTTTACAACAAGCTCCTTCGAGATAGGCGAGAGCTCCGAGTTTGGAATCTAACCAGCTTAATTGACAGTTTACTCTGCCGGTCCCCAAAGATGTAGCAAACATCGACAAGTATTCCGGTCTTCTCCCCCATCGCGGTGGTCAAGCTCTAACGCATGGATAGCTTCGAACTCGCGTCTTCTTAGGGAACATTCGCTCACTATTATCCACTGCCACACAAGTCTAAGAAATCGAAAGAATAATCCTTCGCAAGGAGCTTC,TTATATTCGAGCATCCCACGCAACTGGAGCGCAGCTTTTACCTCGGGTGGGGAATTGGAGCTCTTGGATAAATAGACATTCACCTTGGTTTACAGTTCCTACCACGCTTTGGGCATCTCAGTCCTTGCTAGTATGTATAGAGCGCGATTCTACGAATCAACTACGAACAGCTTTTAATGTCTGCACTCTCGATTCTATCTGCCCCCGTATCGAATTTGCAAACCCCGAACTTAGGACCACATCCCTCCTTATGTTCGCTGCGACAAGACGCTGACGAAGGAACCCAGTCAAGCTTATGCATCCAAATATCCGCTAACCAGACTGACTCACCTTGATAATGGGCTACCGCAGTACAGTGTTATAGACAATATGCGGACATCAGTGACTGCGTGCGGAGTCCGTAAGACTGTTGTCAGGGCCGCCCGGCGAGTGCCCGGAATTACACTTACAATTGAGACGACTAGAAGCTTCCTAGGACGATTGTCGACTTGCTGGTGATAGGTCCACGCTACTCCTTACTTGACTGATGACCGAGCATGTGTTATGTGGGCTTAAAAACGGCACACATGATAAAACGCTGTCAAATTTCCGTATGCCGATAGACGTGCCAATTGTCAACTAATGGTTACCTTGTGAGATTTCGGGTGCATCACAATACCCACAGTGATTTAATTCACACAATGGTCAGCCATCGCTTACGTGGCGGGTCCTTGCTGCAGTTATTCCACCCCCCATAATAGGAGAAGGCCTTGGCTGGCTCTAGCCACCAAGAATTTTTATTCCCGAGTCCAGATTAGGAATCGCCAAGACTAAGTGTATGGTACACTCTCGGCAGATTGCTAGGCTAGTTAACGCGTCCCCACAGGACGACAAGACAGGAGGTAGGGCTGTGATCATTCCCGCACCACTTTCTCCTTGGCGATCGGTCTTTTGCCACTCACTGGTCGTCTCACATTCTCCTTGTGAATGATATCCTCTGCCAGATAAGCGAAATCTTGAT,TGTAGAATAGGTCATTTTGACTTTACCTCGTATAGGTCTACCTTTGGGTTGTCGTTCGCTATCAAAGCGCTTGTTTTTCTGTCATTCCGATGAAAATCTCTAAGGTACTATGAGCTGTAGTGAACCATTATAATATATCGGAGTCCCACAGACTCTCGAGTGAAAATGAGGATTCCTCGGCTGCTAGCCCAGTCGAAGATTCTATAATGACCCTCGTACACGGATCGGGCAGCGTTCAGCGAGTAGCCCTACCCGGAGTTTAGACGAGGACCGAGCCATCCGGCTCCGCCCGAACCCTCAAGAATGTTGGCGTCTACCCGGGTTGCGCAGGGAACAGGGCCTAGTGAAGGACGTTAGCTAAGTGGACAGCCTACTCTATTGGCCCCTTGTGATACCAATTTTCCAACGAGAAGATTAATGCTATAACGCCACCCTAAGTAGTAGGCTGGCCAGCAAGGTCGCTACTTTCCCGGGACCCACCTGCATAAATGCAGCGATGTCATCCGAATAGCCATGGCTGTGTAACTTGCCTAGTCGCGGGTTCAATGGACCCAATGTTTAGCCCACACAAGGGGGTGCGCCCAACTACAGAATCGTAGCTCATTAAGCTTTCTGGAGGTCGTAACGTCCTCTAAACGACCGAACGCGCTGGCCTAGCATCCGCACCTTTTACGCATGACTCCCAAACCGCCCAAACTAAATGCGTGGCGGTTGTTTTGACGGAACCAGAAGAAAGCTCAAACCTCGACGTTTCGTCACACTTCCATCGTTACTGCATCCCCTTAATTACGCAACGGGTATGACATTCCAGAAATAGCGCTGCGACGCCACTCTACATATCAATAATGGGCCGGGCCTAGATGACGGCTCTATGGGGAGTTTTGTGGCTCGTGCAAAGTCAGCAGCATCACGCTGATTTTCAATGCCAAACTGTCTACACCTTTGGGCTAGCGCAGCTCTTTGCCAAGGGATGCTTATCGCCACTGGGTGCGCTCCTCCA,AGGAATGGTGAACCTTCAGGTCCCAATTGTTCCTTCCCTTTAAAATCTTAGACAACATTTTTCGACTGAACCGGGCCGACCCTATACTGCATTGCACACCCCGGGCCCGCAGCGGCCCCGTAATTGTCGAAGCAGGTCAACATTGGGAAAGATACGCTTAGGTGTGACTTTACCAAGCAAGATAGTCGCAATTGTCTATGATCCAGGGACAACAAGTTGGCCCCTGTGAACCTACTACTAACTTTTTTTAAAGTATAAGAATCTATTAACCGGGCATTTTGCGGTTTACGCTCTCTCTCTGAAGCATCTGATCATAGAGATTAGCAGTGGTAAAGATCAACTAGCCCCCGGAGGGTGCCACTTTAGCCACGGGCTTACAACATCGCCCAACGCAGGCGGTGTAGACTCGAAATGGCGACTATCGGGCTTCGGGGTCGTTATCCTTTTCCACAGCGGCCGAGTCCGATGGATCAGGCTCTCTCGTGAAACGCCAGCGCAGGAAGTCCCTGGCCAATGGGGCACCCTCACTATTCTGTTCTACGAAACAACTTTGATCGGGGCTCTGCGCACAAATTCCCACGTAAGGCCCGGCACGCTTTACCGTGCGTCCCACGGAACACTTGGAAGGCTCTCTTATTGATTAAGTTGGCCCGAAATACGGACCGGTTATCGGTCTTCCGAAGGACTGCGACCGGGTAGGAGAGACTTTGCTGCGATTCCTCACAATACGAGTCATTCACTACTCAGTGTTTTTCGTTGATAATACCGGTCTCTGAGCACACAAACTCGTGAGTGAATATTAGAGCTATTCTCACCGGACCAGCGGATCTGCCAAGCGGTTAGGGGCGCAACTTGGGGTTGTAATAGGGACGAATAAACCACCATGGCTAGTTTATACAATACAACCAAACTAACCTGTAGGATTTATCGCTCCAGTCATAACAGGGGCGTCAGCCCAGTCCAGGCGGATAGAATAGTCCTTCAACCAAATGTAGCTGAA,CTGTGGCAGGTTTGTTAGTATTAAGCCTCCTGTTAAATGGCACCAATAAGAAAACGGGTCCCAGTTGCCGACCGTCGTTCACATCCATGAAGCGGTGCCTCCTGGAGGAGGTAGTGTGTAAACTCGCTGTGAACAATGGTCGTAAGCTGAGTGACCAGAATCACGACGCCTCAGCTGGTCCGTACCATTTTAAACGCAAACGTATAAAAGGAGGAACTTAGGAAGTATTAGTCACTACTGCCCTTGTTGGGGTAAGCCGATCCCCCGACCCACTGTCGCATCCTTCGCAGTCATATCAAACTTTAACGAGGTTACTGGCCGGGCTTGTTATCGAGAGTAGCACGACATTCTGGGACATCCATCAACTACCTACATCCGCGTAGCGGCCTTATATTACAAAGACCTGACTCAAGCCACAGTTATCATGCAATACTACAAGACAAGCCATGAGCATCCAACCGGGAACTGAACGACTGGCCCGTGGGAAGCCCTGTTTCGAGGGACCATCGTAATGGCGCGTCGTCAATTAGCTGTGCGCGAGCAACCATTGAGTCAAAGCTTGAGTATCGTTGGCAACGAGGCAGGGCGCACGAGTCGCACTATCATATGTCCCTTATGCTGCAACCCTAGAAGTTTACCCCCAGAGCAGGGCCATTCGCCTCGCTTTCGCTCCGTGAGATCGAGCGCAGGGAACGTTTTAACCGCGGAGTACATCTGGAGATGCGACTCTCCCGGAGGTACTAGGTGCTAGGGTCTATCAAGACCGTTTAACGGCCCCCCGGATTGCACATAGGTACCATGACAGTGTATGGTTCCGTGAGCACACGCGTAGAGCTTCGCTTAGACCTTATACTAAGTCAGTATCGGGTTTAGCCATAGTATTGGAATATTAAGAAGACTAGGCTTCGGTGTCATGCACATGAGCTGTCCGACTCTCTAATGCGGTCCAACCTCTCCATGCCGTATATTCATAGGCAGAGTCGTTGGTATACTTTTAGTG,CAACCGTATAATGGTGTGAGTGCACGAACAAATCTTTGGCTTAATTCACGAGTTTTAACGGCGTTTTCTCGGAGCCCCCGAAGTGATCAATGCTAGATTAGGTTGAGATCTTCTCTTAGGCAAGGATATACCAGGGTGCATGGCTCCGGTTACCATCGTCCACGCTCTACCGACACAAAGGGTCGGGTGATGTATGGACCAGTTCGTTTGATGCTTCCATCCTTACCCCGTGGGAGGGTATTTACAGATGTGTAACTCCTTGACACCACAAGGATACGGCATGAAGAATGACTTTTCGTAGAAACTCTGCGATCGATATCCTAGGACAGCGAGCTCGGTCAAGCAGAGGTCACGTCACGCTCCATGGCAGATATATAGCTCAAGCTGCGCAGACGTTCCGCGTCCCCACTCCGCCGGGGAAACAGGTAAACTGCTACTCGGCTACATATTGTCTTGGCGGAAACCCCCATTCAACGCGTTCATACTGGGCTGATCACTGCCTTCCCGCTTGCCATGAGAGTTCTGCTCAAAAACGATCATAGTTTCTCAGATGATCATCACCTTAACGAATCTTGGGCAAGCCCCGAGAAGACCAGCGAAATCCAAAGGTGACATGTTCACGCATGAAGAGTCGACTCTGATAAATTAACCTGCGTAAAGCAATTGTCAAGAACTACGCTGAGTCGATCAGTGGTGAGAGATTCCCGCGATGCTTCAGTCGCGTAATAGAACAAGGCAGCAGGAACACCCGGGTAGATACTAGGTCGCTGGAATAGGACGCGCGGCGCACATTTCCCGTTGAAATAATCACGATTGCGAGTAACCACCGCGCTTGCCCTCGTAGCAGTCGAAGAGGTCTTGCGGGTAACACGGAATGGTACTGGTCTTCGTATGGGTTGTCCCCTTACTTGCGTTATTCGATTTAATTATCATTTGGACCAATCCACAGCCACGTAATCACCTGTCAAAGCCCTACGCTCTGATTGTAGATACCCTGTAA,GTGGGTTGGTGCAGGCTCGCTTCCTTCACAGATATAGTTAAGTCCCGGTTGGAAGTGTGAGTTATAAAGAGGGTTGTTTAGACATCACCAAGCCGAACATACTGGTAGTATCTAGGAACGACACCTGTAGAATCACATCGCTTCAATGATCCCACCGCAAGTTCTCGAACAAAGTGTTAGGGGTTGGCTACTACCCGGCAAAGTGAGCTAACTGGATTTAGCGCCCTCCTGATTTGTCCCCAGGAACGGCATTCCCGGCCCCTAACCTTTTCAAGTTCACAGTAGTATTACGATCTGGGTTCGTGTCTACCATAATCACAGCCACTTATCCACCGGCTACACATAACAGGACAATTTCATTCGGGATAAGAACTGCATGTCCCAGGTGCGACTCTTACTGAGTGTCTTGATTCCTGGGCAGTATCGTTCTGCTCTTGGTGGAGGCACTGCGTGTAGGGTTCAACATGATAGCGCGTCGTGTGCCCGGAGATCTTGGGACAGTATAATCCCGGGCTCCCCTTTAATATGATGCCTGGAAACCTTCGGCGGCCTGTCCGCAGGTGGTGGCATGGAAGTCCACAGTAAGGATATCGACCAAAAGCTCTCGCTAGGAATCTTTCGAGGACCTTCGCTAGGAAATGTTGACTGCAACCCCTATGATAACCACAATGACCGTTCGCTGGGCGACCAAACAAAATCTATACCTCAGGGGTCCAATCTCTTTTAGAGAATTAACCCGGGCACACTTGCACGGTTCAGCGGCTTAGTTTAAGATGTGCCCGCTAGGAGTGCGGAACACTGAATTTCTCCAAGAGGAAAATCTCGGCGTTATCTCCCTCATGCATTTGCGTGACGTAGTAATTCGACGAAGCCCATAATTTGACTAAACCAAAGACTAACGGTACGCCGTTTCCGGATTGTTACCCGTCTTGTGTTATGATAAGCTAGTAGTGCTGTAGTCACGATCGTACACCTGCGAGTGATGTAGATCATCTCTACC,CGGCAACCGACGGACCGTCGGGGTATTGACATACTAGTCGAGGAGTTGGGAAACTGTCATCGTCGAGGACGGTTTGGTAGCAGACAATGCCGCGACAACAAGTCTCTCTATTTCACAGATGTTCATTTCGAACGTGCGGGAACACCCTCATACAACGCCGAAACCCAACGCATTCTTGGCCCTCACGCCCTCGCATTGCCCGCCTCGTTTGCACAGTGTCCTGAGCGCCCTGGACGTGCCCACGAGTCCCGTCAGCCTCGTCACAACCTACAGTATAGAGGTGTACTCTATCCAATTGAATTCAAGCATTAAGTCCAGCTAATTGTCCAGCTAGCCTGGCTGGTGCCCTTGACTCCCTGCGTCCGTCACGGAACAACATGAGGGTGATTGGATCAACAGATATGGCACGTCTCTACGCGCAAGACCGTGCTTGAGATCCATATCAGGGCCTCCGCGTGGAGTGACGTACGAACTGATGAGGGACACATCCCCCACGTGTAAACAAGCAGAACCATTGGCTGCACCTACCAGTAGTCGTTAACCCGTCTAGGTGCAGGGGGCTGAAGGTCCGAGTAAACCGTTAGAGATGGCGGTCACGCTGATTTACACATTCTACGCGACTAAATTCTAAAGTGCCCTTATTCCTCTTGGAACGATGAGCGCCCCGATGATCGAACGTCGGTGGGTACTAAGAAAGTTACAATGCTGAGGGCTCATAGCCTGCTGTACACCTCTTGAAACTGAGACAGTGAATCCCAGAGTCCCATATTTACGACGATGTCTATCTCACACCCGGCCAATGGAACGTGGTGGTCTCGAGTTCAGCGGACATTGGCCTTGTCTGTAATCGCGCACATGGCACTAGAGTATTTCGTCCCAAAGAGGTCGCTGTAATAAGGTCATGCCGCTGCCCCTGAAGCAACGGTGTCCAGCACGAAATTAATAAGCAGAAGAGGTTCCTCTCAAGGAGTGACGTTGGAGGGGTCCTTAAAAACATGCC,TTCCCCCATAGAGTCGTGCCGACCAATAACAGCTATATGTTTGTACCTAAGTAGTGCATGGCCCAGTGGTTGCCGGGTGGGTTCCCGGCAGAAATACTTAAACGAAGTTGACAAGCAAAGACATTAAAGTCAAGTGTTCACTGGAGGGCATTGACCGAGCTGGCGCTGTCGCGCATTACAACGACTCAATTTCTGGCCCTGTTTAACTTAAGGACGTGCCACTGTCTCCTTGCTCACACCTGAAGGAGATAAAGCCCACGGGGCACCCTTCTTATTTATAGGCGGTTGGAATATGATCCGTACCGCGCAGAGGGCAGTACAGGAAGCCTAGTGCATCCGCCCAGGTCTTCCTGTGCCCCACGCTATAAAGGGTCGTTTCAGTCATAGTTAAGCCAGGCTGCACAATTGCGCCAGATTGTCCATAACCGGTACGCTGCAGAGCCTCAGCGCGGTAAAGTCTATGATGCGATGCTGCGATAGCGCCGAAGATCGAGAGGGACGACACCGTGGGCGTGGATGTAACCGAGCTCAGGACACGTTGACACCAAGTTTATCTTGGTCGACAGAACTGCCCAATAGTCGGATTGGCAAGAATAGTGGCGGGACGCGCTGTCCTCGGCTCTACCATGGGGATAAACAAGCTAAAAAGAGTCTGTGCCATACATTTGCACTCCAGCTTCGGTGATCAACGTGCAGGAGAAGGGCCATACCGTTGTCAGGATCAGTACTCCTCCAGCCGCAGGGGCTCCATTCTTGCGTCCTATGTTTTGTTACGGGGCCACTCAGCCGGTCAGCCACATTATGGTCGGCCCAGCAGTTACCCGTTCCATATCACGCGCGGGTTTTGCCTCCTCGGCACAATAAGCGTGCCGAGCGGAACACCGTGGGGGTACCGCTCAACCAAGGTCGGAGGGCTGCGGACCGGGAGTCACTACCTGTGGAATTCCATATATGTGGAAGGTATAGTCCGGTGCGCCCGATTTACCTTCTTTAGTATCCG,CGGTTAATATAGGACGTGCGTAGCCAGTACTATACTTCGACTGGCTGCCTTTCCGGATGAGAATTTATAACTGAGAGGGAGACAGCTGCTCTTGCCTAGGCGCGGAGCTATCCGAGCGACGACAGGTGAATCTTAGTGTGAACTGATGGCCCACTGATTTCAGTTCCCGCCAGAATTAGCCACGAGCCACTGTTGTTACCCCAAATACCTAGCCTTCAAATACTGAGTACGCTTCTATGCATGGGTTGAACTAGTAGACGCGTTAGGTGCTTAGATAGAAGACCACGCACTTCGCGAGTGTTCGCCAAGTGTGGTGCATACTATTAAAGGGCTTCACTTCACTCGAGCGCTTACATAAGCGAAACAGTTTAGCCTACCGTATGTATTTTTCGAAAGGAGTTGAGACCCACTGACTGCCTTGGCTCCTGCGTCGGCATTCCTCTCTCGCATTAACAATAACCTGACCGCGCGTCTTCTGAGTGTGCCGCTTTAGTCCGGCAGGAAAACAGCACCCCTACGTGATGGTCCCATGGAATTAACGTTCTTGTGCCGTATGCCATCCAGCGGTGACCTCGGCTACTTCCGGCCGGACCTCTGGGGCAGTAATTGGGTATTTAGAGAATTCCTCACCGAATCCCACACGGAAGAGTTCTCCTAGCACCATGACAGTTTGCAGGCCCTATGCAAGGCTACTGTTTATGTCGTTAGGAGTGAGTCTTCGGCACAAGACCCGGCTTAGAGGGACGGTACAGTCCGGCGACCAGTCGCTACTACTCGATGGGCACGGAAAGTTAGATGATCGTCTATTGAGCAACATATCGGTTTATTTTAACGAGAACGAGCTTGGACGGCCAGCTTTGAAGGAGAATACCCTGCAACCGCTATTAAATTGTGAGAGTCACGGACGCAGACTTCGAACCTTCACGTGTCAGGAATTGCATTGATGTTACGATGCACCCTGTGGCCCCAGCTCGTGGCCCCAAACATCTAATAGCAGTGT,GATACTGGGCGTCTCCACTGGGATAAGCGCTGCCGCAGGTGGTAGCTCATGTACCTGTATACGTAGCAACCCCTAGACGGCGACGTTAGCAGTTCGCGGAGGTGGTGATTACTTTTCCCCGTTTTTTCTCTTCCCATTATTTGGTTCGATAACCACTTTGTTACTGTATTATACGAGCCTCTGGAAGCGTTAATAACGTCCTGTTGCGAGCATCGGACTATAATTTTGTGTTATTCCCTAGGGCATTCGATCCCCTCACGACCCGCCGATAGCCTTCGTCAAGGCACAAGTTAACCGATTATGTATTACTTGATATAACTGTAATCACGGGTTGACAGCGGGAGTGACTCCAAATTAACGGTCTGCCATTGGATACCATTTGCAAGTAGCTACGCTAAGGGGGACATTCAGTGAAGAGCTATGCATATAGCAGAGAAGATACAGGGCGATAGGGCTCTCTTATGCTACCGCTCGTTGGGAGCCTCCGAAGATGGTTATTTCTAAAGGCAACCTACCCCAATGTTTTTAAGATTGCTGTTCGGTATGTAAACTTACAGCGCAATATCTGAGAAAAGATAGCCGGGACTTGTATTAGTATAGATCCTTAATTAGGTTAATTTCGGCCCCCACAAAGTACGCTTGACGGACAGGTGTGAGGGGGACCCTCCAGCGCCTCTAAAAGCTCATCGGCGCTAATGACATTGGATAGCATATCCGGGCTTCGTTCCACCAGTTTTGTAAGAGGTCTTAGGAAGGCAGCTGTAAGCCAGGTTGTAGATCTGATAAGTGGCCGGGATAATCCGTGTTATCCTCAAAAAGCTGCAGGAGCGGTCTGTACGATGGGGGGTTAGCATGCTCGAGGTTGTTTCGCCTAGCACCGGGAACCCCGCCTCCGGTCGAGCAATATTACGCTGCGTGTTCGATTGGTGCTGACGGGAGTATCATTGCAGGCCCTCGCGGAAATCTACTGTGCTTTATTAGGGGTCGTTGGGTCTTACTG,ACTATGTGCTGCCGCCGGGACAGGGGCGCAAAAAGAGGCCTATTGTTGCCGATTAACCTGCGAAGCGCTGCCCTGCGCGCTATCTGGCCCCGTCTTCGCTCGGCGTTGCCAACAGAGGGCGAGGTTAAAGAAATTACTTCATGGGTGCTACAGGGTGTACCGTAAGACTCGTGAAAGTGCGCTCCGAGCACCGCTAAAGCGGCATATTGGCACCTGTTCGCCGCAGGACGATAGCTCCTGCCCCAGCACGAGTAATAGTGCGAAAAGGGGAAATACGATTGTGCGTTTTTCGGGGCTGTAACATGTCGCGGGTCCGAATCTGACGAATTAGGGAGGGTTTGGGTTATGTCACTATTGACGATTGCTTACACGACACCCCTTTAATAAATCTGTTCGACAGACCTCGGTCTACATTCAGCGAACACGGAGGAAAAGTATCGATCCTGCAGCCCTACACGTTCATCTATGGTCATACAACCGACCAGTTAGCCACCACCTAGCAATAAAAGCACTGCAACAATGCTAGAGGGTACTCGGTGTGCCCTTCCTGGTCATTAGAAATACTAGTCCAACGCTTCCAACGAAACAGTTACGGGAGTCCTTACCCGGGATCACTCAAGATCTCTAACCTCCAAGAGCAAACGGCATTTAATATCCCCCTAGCCATCTTCTTCACCGCAGGAAAATGATATGAATCACCCTCGCAAACTGGGCATAAGATATAGGTTGGAGAATGATCACGCTTACATGGGCTATTGCTATTCGATCTCACCAGAAGTCATTCCGGCCAAAGGGGAGTGAGCGCTTAGACGGATGCCATGTCAAGACGTCGTAGGCGTGTCCCTCGAGTGAGACACGCAGGCTGAACAGTATCTACGTGATAAGAGCAACGATCTTCCCCACAGCATCGGTGGCTTAGCGTTCCGGTCCCAATCATCTTCTAGGTTCGTCACATCTTGTGAAGGCTTGTTTTACTCTTGACGGGCAGCCACCCTAGTTT,AACGAACAGACGACGTACGGAAATTAAACCAGTACGAAAAGCCCTACGTAGTGAACGTGCTCGGGGTCGTCGCAAGAGACCGCCTTAAGCAACCAGTGGATCCGACCTGCCGAATCTCCCGATGAAACAGAGAGAAACAAGTCAAGACGTTCTGATCGCCACTAGTGGGCGGATTGGCTTAATGTAAAGAGTCTATATTAGCGCATGGTACGACATCGTTGAGTACAAGACTGCAGAGCGGGGACTGCTCAGCATGAACAGATACCTCCAGTCACAGCAATGTACATTTGGTAGGTTACATCCAACCTGGGGACTCAGTTCAACTCTGGTCGTCCTCTACACGCTAAGTCATCTAAAGAAGCCCGGTCCATGGGCGTGGGATTCTGCGTGCTAGTGGATTTTGTAATGAAGCCGGATCACTTATTTATCCCCATTCACGGTCTTGAATTAGCGTCAGTCCTCCGTGTATTGATTACGATATAGACTGCTTCTTAATATTTCACCTCATGGACGGTTGACGATCTTCAGTGGTGCAGCCACACTTCGCAAACGCGATACCGTGCAAAGGAGCACGGCGCCTGTGCTGTACCGCAACGCTGCAGCGAACCTTTTCACATGAGACCTGGAGTCCGAGGGTCTTGTTCTTTTTAACGAAGGCCTTTAGGCAAACTCGTCTCCAATAGGCGCAGGTCTAATACCTGTAACGATCCTTTATACGTGAACGCTGCCTGTTCTTGATGCCAAGTAACTACGCTACCGATTCCACTACGCGAACTACTCTCATCGTGACGACCTGCCACGATCCTTCAATGTACCACATATTCTTTTGCGTTACAGCCCTTGTGAACCCTGACTATACCTCCTTGTCGGCGTTGGATACAACCCAATGATAGGTACCACCTTGTTCTACAGCACAAGTTCTCCGTAGTGAGATGCGCTGTGAGCTCCGGGACGGAATGGGTATACATACTACGAGTGTTCAGCGAGCCATAGGACGCAG,TGTTCGCAGCAATCCTACTATGGTTTCTGTATGCAAAGTCCGTTTCGAGTGACTTGAAAAGCGGAGTCTGTTAGGGCCCGCTTACAAACGCAGGAAAAAACTTGTCTAACTCGGGTTTTACTGCAATGCTTAAGTTAGCGGCAATTCTGCCTCCGTAACCTAGATTATAGACTTATCATGTTACCGCCAAATGCGGGTTCAGCAGTCTCTGATAACCGACGCTTGCGACTCCTGCAATAATGCGATCAAAACCCCCATTTGCAATCCAGCACGGCTCGACTTCTGCTGTACCTCCTGGAAAACAGATGTTGTCCTGTTCGCTGACCAAGTTATGAGGCAGTAGCCGCTCCCGCAACGCGTAATATTTTCCGGTGGCTCCCAAGTTGGAGCAGTACCAAATATCTGCTTAGCGGATCTGCGGCACTTATTATAGCCACTACCGCCCAGGCTATTAAACCTATTAATCCCTGGTTTCGGTGGGCATGATGTATCCTACTGCCTATCGTTCAATATGGAAGGCGTACTTGGGAGGGGCAGCGGCGGAACAGGCAACTAATCTCATATGATGCTAACACCAATGACTGTAAGATGCTGTGGCCGCGATCCGCACGGACGCTCAACATCAATAATTGCATTCGCTGCTCTTTGGGTCCCATTACCCGTTGATTAAAGGTCCCCCGCTCCCCTAAATGGCTTATGCCGGCGCCGTGGACACATCGGAGATTAAGGATAGAAAGCGACAAATTTGGCTCCATACACATTTAAATACGAGAGGGTCGGAGGCCATCCCTGGGAAAGAAGTTGCACCGCCTGAACATCCGCCGTGTCAATCGTTTCACGATTTAGCCTCCTCCCGTCGCTCGTGGCAGTTTATCCGGGAGCACGACCCCATGTTGGGACTTGGTAGGAGCTGTCGTGATTGAGAACGGCAACAGTTGGGGTTCCTACAAAGTGGGATGGCTGACGTTTTAACCTGACTACCGTGACTCCGCACTTCTCT,AGTCGCATGCGCCGAAGATGACAATCATATAAGGGCATTCGCACCGATGAGTAAGTCTTCAGATTGTGTGAAAGGCTAACACATCCCGGGAACGATGCAGTCCTTACATTAAAACGTAGGTTCCCAACAGAATGATAACCCGAAGCGCTCGTTTATGACTTTAGTCGAACGCCAATGGAAAGCAATTTTTTAAAACTACACCCAAGCAACGGCTCCGAACTTCGCGCCTAGTTGACGGTGGAAGAAACAATATAGATTATCACCATAGCCTCCAATTTAAGAAACGTAGTTACTTTGTGTACTTGCCTAATTAGCGATCTCCAGTCTGATTGCATTAATGAAGATATTGGTTCCAGACGTTGTTAAAGGTATGTAGGACCTCGTGCACCGTAAAATCCATACGACACCTGGGGTACCTTATCGCACAACGGTTACGGGCTCATCGTCTCGATATGACCGTGTAACAAACGTCTCACGAAGGCCGCCGTTCTAAGAGCAGTGCAAATAGCTATTGGGTAATTCCGCAGCAACAAGTAGTAACAACGGCCATATTATACGCTAGTCAGTCAACCCTCGAGTGGAAGAAACGTGGACTTAAAGAACGATTTTCTGATAGAATTCTATTTGTCCCTTCCCCCTAGCTATCCGTGCTGAGATAATTGCGGTAGCTGCGAGAGTGAACATCTAAGTATCAAAGTATAGTGACGAAAAGAGAGACCCGGCACATTCAAGTTGTCCTGTTGCAGTTTATTGGTCGTCCACCGCGGGAGGTGACATCTAGTAGTGTGTGTTCAGGCGCCTCCCCTAGATAAGATAGGGTATGGTGTATAGCTCATATGCAAGTTCTCTCTAGGGCACGTACTTCCCACAGACGGAGTGGAGTGCCAGTTTTACTAGAATTACCCATCAATTGGGGGGCAAGTTCTCTGAAAGCTAAGGTCCTCCAAGCCGTTAGTCACATCAACGTTCCGCTCGCTATGGACATAAGATAACACCTATC,TCAGGTATGGGACAGCAGCAACACAGCTAGATAAACTTTCCGCTAAATCAACAAATTGGCGTAGTCTCACCCTTATTCGTGCGGGTGACCTATGTGTTATCGTGCTTTCGGCAGCCCCGACAGGATGAGCTTGTCCTGTGCATAGCATTATCTTCCAGCGTGGGCCGTTGGTCCCCCGCCAATAGTATTTGATTCTATGATTCACACCTCTTCGCGAACCGATTGGCTCCGGTTCCCGGCCCGGAGTGCGTATTGGTAGCTCACCCCGCACAGCGAATTTTGCCCCACCCCGGAGGGTTTGGACGAGGTCGCTTCAGATAAAGCGCGCTACTTTTTCTGGCCAGTCTGATACTTAGCTAGCAGGGCAGGACGAGGCGGGTGATTCGTTTGAAACTGTTTAATTGCTTCCATACTATATTGCTAGTGCAAGTACACGTGGGAGGCATTAGGTAGACTGGAGCCCGCAGCGTTCTCTTTCCCGCTTACCGTCCCATGTTCCATGATCCCCAGTTGTGTCGGCTATGTTTTTGGCGGGAGAAGGTCTGAAGTTAGGCTATAGCGCCGCGGCACAAGATTTAGAGCTTAGTCGGCTGGTTAAGTCAGTCCAACGTTAATTGGGTGGATCGGGATGTGGTACCCGTTGGCCCACCCATTGCCAAGTACTCTGGGTTAAACAGCCGAATAGCGGTCTCACGACTTTTGCATGGCAGCTTTCCCGTAGCAGTATTTATGGACGCTATCCAAACCAATAACAGTGCCCCATAGTGTTTAGGATTCGTTTGCTACCAACCAGTATCACGGAGGGCTAGTAGCCGAGCTCGTCCCTTATGAACACCATAGATCGAAGAGAACTGATCGTGCCGGCGGCATATTGCTTGTCTCACAAAGAAAATTAAATAGTTATAGCTTTGCCTGTAAAGAGGAGATTATGTAAATTAAACGACTTAACCTAATAAGTCCAAGCGAATTTTCACAAGGGAAACATTGGCGCCGATAGAAC,GCAGTGCGCCACCTTGGTAAGACATTGGATCATCTCTGAGACTCCATAGTCGCGTCTCATTAGCCCAAAGACATGTCGCAAACTCGCGCACAGTGGTGACTATGGAAACCTGTGCCCATCCGTTCCCGAGCAGGAGGACGGTCACACTCTTGGACTTTACCTACGACTTAGACCCTAGTGACCCTTGGTGTTACATCCTTAGAAAGGATGTCTGACGAACCCATCGTTGAAGCATCCAACTGTGCGGTAGTCGTAACTGGGGCACCAGTGCGAAAGCGACATTTGGCAGACATAACTGATAGATTCCAGCGCCCCGCAGCATCCGAATGTCTCAATGCTGAAAGTGATGATCCTAGTTAGATAACACGAAGCCAACCCACAGGAACGGGAGCTTGCACCAATTGCTGTTCCTCGCATACCCTAGTCAGCATGCTAACGCTGACCGTGTATACGTGACAATCTTCCTCCCTTCCAGAGCATAGGTATTTTGCAACATTCGAATCGAACCCTTACCCATGTGTATCGCGGGAGGCGGTGCGTGGCTCCTTACAGTAGCCCAAGACGGGTGTGTGTCCCACCTAAAGACCGCCGTCACTTTTGACTATATGCAAGTGCTGCTTCACCATTGTCTTGGTTACGCTGTCGAAATTAATAGCAATCAATAAACGGTTGCTAACGACTTAGGCGTATAGATCAAAGTACATTTCGGATACTAGCTAGTTGAGCTATGCTCTCCCCATGAGCCGAGTTTACTACTTGCTTTAGAGGACGCTGGTACTAGAAACCGATGCCACCGGTAAATCGGAGTACGGCCCGACGCTATGTTAACGTCGTATTTGATGGCCACTTACATGTGCGGTAATGCTAGATACCCCTTTAAGGAACCCATGTACAAGACCGCCGGCGATGAAATGCAATGAACACAAAAAAACCAGTTAGGTCCCGGCATACCTATCATTCGATCAATGATTAAGGGAGAGCGATAGCGTTCTATTATATT,CTGAAGGCAAGTTCGCGTGTTTCCTCAGGTGTGCGTGAGACATATAGGCGGATACAAATGTCGCGGAGTATAGGCGGGAACTATGTAAGACGCCCACTGGCTTTACGGAAGAAGCATAATGAACAACTAGCCCGCGGATCCCCGTAGGGAGGGGTTTTTCGTTTATGGACTAGACCCTCCACGTTCGTCCGAATTTCTATATGACCGTCGGCGTACCTCACCACGATGGGAGCAAAGCTGACATAAGGCAAGCAGACATCAGAAATGTCAACTCTCAAAAATCCGGCTGACGTCCGGCCCAGTCTCCAAGGATTCGAGGGAAAATAAATACGCCAAGGGCCTGAGCGAGGGTGGCTTACGGTGTGTTGCCCGAATAGCCACCGCTAGGGAAAAGCAACTTTGTTGAGTTTGGATCGGAGTGTAACAGTCACGGTCTGCGAAGCAGTCCCGAATCTGGTCGGTGCGGTATAAATACTACCTCTAGGCATCTTGCCTTGTGCTGTGGAGGGCGTCAGAGGTACTAATAAAAGCATGTCCTAAATAATTCGGACGGCGTGGAGCGTTATCGCTAAGCGCCGGCACAGCACCCTAATATCTACGGAACCCACCGGAGTGGAGTCGAGGCCAGGCACCGCACCCCATGATCACGTATCCAGAAGCCGTGGTGGTGCACACTTGACAGCGAGGCTGGTCTAACTAACTCCGGAATCCGATGAAACAACTGGAATAGGAATTTAACTAACCGCGAGTGAAGGCATGCCCTTGTATATTAGCGGACTTAGCTATCTAGATCCGAGTAGAGGTCTTCCACCAATCGACTGTAAGTTGGACGCATTGCTTATCATCAATTCGCTGCGCCAGGCAGATAGTTGAACTAATAAATCAGTGAACGCGACAAATAGTGGATACTGGCCGGCGGTAAGGTTAGCCACTTCTGCCTCAAGGTTCGCGCCTCCATAAGGGTTAGACCCCGTGCACTATATTGGGTCCTGGATCCCCA,GTGTCAAACGGTAATTCTTTGGACAACCGTGGGACTCGCCTCGCAGCCAACACAGCATACTAGGCATCTCTTATTTAGAGGTTGCTGAGCATACGATCCGCGCAAATGCGGGTGCACTAAACGAAGAAACAACACACAAGCATGGCCGGGCAATGTATACGCTCAAGACGCCCTTTCAGTACACACCGCGGGGTTGAAAGAAACGATAGACTCGGGGTTACGCTTCCTATCTATCCCGGTGATAGCCCGTGCTTTGGATCGTTTTTCTGTAAACAACCTCGGCTCGTCAGATGATAACAAATAAGGGCTAATACCCAGAAGTCTGATTCAGCGAAAGAGGACTGAATTCTTGGCGACACGTTCCCTTTAAGATGAATCAACTTCATGTCCGGCTACTGACACACACAACAGAGGGAGCCTCTGTGGTGGCTAACCTTAGTCTCTCTTATATGCTAGATATAGAGTCCGGCGCGGGACCTAAAGTATGTTCTATGATAAGAACAACCATTCAGTCCCGTTTAGTCCAATACTTGTCGTATCACTAAACCCATAGTAGCCACAGTGTACCGTTGCTCGTATTGTAACGCGAGCATTTATTGCTGAGCGTACGTTGAGAGACAAGACCATAAAGAGTACAGCGTTGTACTGTGCCATATAAGGCATATGGAGACAATTTGATCGAGAGTGTGTCTATGTTCCTAGTAAGAATGCTATCGATGCGAAGTGGACTGGTTCACTAAACAGAGTGTATGCATGTTGGAAGGCCTAAACTCACTATGCGTGGCAGGCTCTCCCCCAGGGCTGGCTGTCGTTTATCTCAGCTAAATCTTGCATTTTCTCACTTCTGTCTAACTTGGCAAGGGAGTCCTCGGGTGGGCAGTCCGTGAAGCAGACACGCTAACGCCGCTTGTTCTAGGTTAGGCAACTTAAGTTCGTAACCGTGACTGTTTATGTAGTGGCGTACTTATACCGGTAGTTCACTTGATCGCATTTTTTTGTG,ACCTGACGATAAGTCCTTGGGTCTTATCGGTTCTCTTAAAGTACACGCCCAGCATTCACTGGTTCGTGGGCCTGCGGCCTGACTCCGATTTGCGTAGTAAGTGGCTTCGCAACGTCGTGGTAAAAGCCCGTATACACTGAATTTACAAAGGTCCCTGTGACATTCTCGACCGCTAGACATAATATAGAACCAACTTGAGCACATGTATATCATGTGTAAATGCACACCATCTCGGACATTCCAGAATAAGGTTGCGGGACGCTTATTCCTCACGGACTGGCAGATACGTGTACTCCCCAACTCGGTGCTTATGCACATACTAGCAAGATCTACCGAAGGGACTCCTTTAGATGCACGGCAGATGGTGCCGGCTATCTCGCATGTGCGTACTGGTTCAGATTTAGGCTGTCGTTACTCGCTTGGCGGGTAGCCACCGGAGCTTCATCAAAGGATCGGCGGGCCATTCAAAAGCAGAAAAACAGCCAATGTCACGATTTCCTGCTCTATGATTCTCCCTAGATGCCGAGACTTATTTTACCTCAAGGACGACACACCGCACCTCGAACGTTAGTGGGATTTGCCCAATCATCCTATAAGCTGCGATGCGTCTTTATTGGTACACAGTCTACATGCCTGTGTCCCGTGGAGATACACTTCACGGAGCCTTCAAATATCGTTCGTACAAAGTTGTGGGCAATTCGAACTGAGGTTTTGGATCAGCCGCCCCCTAAGACGACCCTTTAGATGGTCCCTCCTCGCTTCACATTCTGACGCATTCACTTTCGTGAAGGAAAGAATTTTGTTGCGTCCGGAGAACTGTTTCTGGCAGTACAAAGAGTTCGCATGTCCCAATAAACGACAGTGATAAGCGTGTAGTTAGCATCTCGGGCGAAGGCCTGGAACGCGACTTAGATCACTGCAAACACCCCTAGTTCCAAGTCTTACCTTAGACCCAGCCCTTGAGGTCATGGAGTAGCAGCGACCCTGAGGGTGAGCAGTG,ACATAGTCTATTAACCCTCCGGGCAAGACGCAGGGCGGGTGGTTGGGCAACGGATACACTCGCCCTTACCGCATATTTTATTTCTTGTCACTACGGGGTAAGGATGAGTCCCAAGGAGTGGCCCAGTTCCGGAGCGTCTGCAGCGGCGTGGATCGTGATGGGGGATTCCTGTGTGTATACGTCTGTATTTGGTAACTGCTTTGCAATGGCAAATGCAGAGGACGACAAGATGGGCTGAATCCGCTACCCTGCCATATTATGCTGATAAATAAGCTCGGACAGCAAGCTATTGATGTTTACCGACGTTGCGGGAGAATACGTGCCTGTCTATCACCGTAGGGCAAGAACCAGCTCCATCATATAGGTTTGCTTGGCCCTTAGAAACTGGAAAGTCCGTGGACCATTAATAGTGAGTTCCAATTACTAAGGTGCATATCAACACACAATTCTGGTCTGAGGAAGCGACTCGGATGGTAGAATGGTGTGGAGATCATTCTCGCGCTAGCAAAGCGAGCGACTTCAGTCTGTGTTTGATATCTATGGCAAGCTGCGACTGCGAGTTCCATATCCTCGTGCGACTTCGAGGGGTGGTACGCGTCTAGGGTACGCTGCTAATAGGGTAGTCAAAGCCTAGAGTCACTCAGTTCTCTGACATGTAGTGATAACTAAACCACGACCGCGCTTGCGATACCTCGACTGGTTCTAGGGGTGTCTCCGAACTGCGGCGCCAATAACCATGTAGATCCACTGGAGGTTACGGACACTCGCAACAAGGGTTGTAATGGATAATGCATAAAGCTACCTATGGAATCACACACGAGTTTTCCGGCGCGGCAATCTGCAGCTTTTTGTATGCCGTCCAAATTGCATCAGGAAACTGTACATTGACTCCGTTTACGCGCTGCTTGTACGTCGGGGTCACTATACGAACCGTAGGGCCGCTTTCCGGATGGACACTTGAGAGACTGAGTCTCTCCAAACTGGACGCGGTGGAGACACA,ACAACGCCACGCTTCATTAAACCCGTTATTCCCATAGTCTCACAGCTATCGCCGCTATGATATATGCCTTGTCAGTGGCTTTCTGAACATCGCACACGATCATGATGTTTATAAAACCAAATATTCAGTAAAATGAGTGCTGCTAAGCACCAAGGTGACATAATATTATCGTGAAATCTCTATGGTCCTGTCATCGCATTCCCGGAGTGCTCGGTAGTTGGCGAGTACTTTCCAAACCTAGAACCTTTAGCCTTAATCTTAACAATGTGAGTCCATGGCACTACTGGTCAGTTTAATAGCTAGCTTGGGTTCAAATACATTTTCGTCCGGGCACAATGATTTCGCTCTAATAGCTGTGAAAGCAAGTTGTGCCCTTTCTACAAGGAACCCTTCCCCCAGTAGGCTGACGAGTATCCCCCAGTGCCACCAAATAGCCTTTGTACAGAACTGCGTTTACCGTGGCCACACTCCGTAAAAGGCAGTGCCAGAAGACAAAGATGCCCACTCACTAGATTGTGTTGAACCTCCAGTAACGTGGGCACGGTTTCCAGGCTAAGGGGTATGGCACACCCTATTTTATGTCTCCCACCAGTCTAACGTCTGTATACTAGAATATACTGAAAACCTCAGTCTGCGATTCGCCGATTGGGAGACTAGCAGTTCACAGACCTTAGTTACAGCTTTCATCGGCGCAGGCTCCGCAGTCCAGGCACATAGGAGAAATTGTGGCTTTAACGATTCGAAGCAGGTGCTCTCGAGCTGATGATTAACCGCCCAACACAGTGGCGAAACTCTCGTATAAGCCGCATATTGGCCGTCTCTGGAAGGTAGCGGATGACGACATGTCTCCTAAGGTCCATTCTACTATGCCTTGAAATGGCCCAGCGTGTACACACCAGCCATCTGGCAAGAGTGCAAACCGCTGCGGCGCTCTTACACACCTTCCGTCTTTCGTCGGCTGCATTACGACCATACAGCCATACGCAGCGCTACGATAGTT,CTAAGTCACTACGTTCGTATTTGTTAATATGAACCGTATATGCTCGGGAGGCCATTGACATCATAAGTGCTTACCTGTTCTAATCAATCATGCGAATCGTCTGATCCTGCGGGTTAGTATGCTTAGTTCTACGTTACCACCCGTTCAGGCAGTCTCACTCGACAGTGAATACTGCGGTTCCCCCTTCCTATTAGCGAGACAGGGTTCCTCAATCGTTGCCGTCGTCATGGGACGATATCGGGAGTGACTGATGCGGGGACTCACTAGTTATACACTTCAATGCAGCTGTTTACTGATCGGGTCCAGCTCGCTTGTATAAACTTCACTCCGGGGGCTCCACCTTGGTGGCATGTATTGACGATTGGAACTATAGATCCTCTCAGCGGGAGGTTAGTTGCACTAACGCTGAATAACAACTAACACAGGCCGCCAAGCATTTACCCAATTCATTCTTACCGCTTCAAAGGGCCGAGTCGTCTACACACTACTCTGAATAACAGTGTAGGTGAGCGGTCATGATTAAACCCTCGAGCGCAAAGCATGTTAAAAAATAGGATTACCGATGGCCCCCTACTTGCCAGACGTCTAATCGGTCTGAGACGCCTAATTAACCGGGGGCGAGCACTCTCTAACCAGCGGGGGAGTCTGCGTACTTTTCTAGCGCCGCGTAGACAAAGCCAGAGAATCAGCCGAAGATAACATTTGAAGTCTGCCATCTGGTCTGTAGCGTGGCCCATAACCGTGAACGCTGGATGCGCGACATGACAGTTCCCGCTCTTATATATCAAGCCTAAGTAAGGGTTAAGTGTGCCCATGGACTTTGGACGCATGCTAAGGGAAAAACGCAATGCGGCGCAGTCACCCGAGGGTCAGACAAAAATTAGCCCCGAGGGCGAACTGTCGTATGTGGATGACTCTATGTTTAAGCCCCATCAATGGCGCGTCTGGCTTCGTTAATTACTTGTCCACTATACATTCAGACGCATATCACAGGTGTAAC,40fc5bed-53f7-43bc-950e-a96160f5685a,F,CCCGGTTCTCAATACGCGTCTCCACGCGCTAAGCACAAGACCGTACATACACAGCCACTAGCTGCTGTCCCAAGCCCGGCATTATGGATCGGCTTGGGCCAGTCCAGAAATGGTATACGCTATCCTCCGATCTCTTCGGGTCGGACACAATAACAGCCGACTTGTTCTCCCTCGGTTTCTGCGACTGTGAGTCCGAGTCCATCACAAACTGTGTGCAAAAGAGCAAGAGGCTTACCGTTAGGACCGCTACCGATTTAGTATTTGCTATCGGTTCTTACAGGGTCGGTGAGTTAAGAACTGGGTCTATAATTTCACAGTGTGGTCTAAACGCTACTACGCACTGCGACAGATCCCGGCTGATCACGGGAGCTATGTCCTACACTTAGACGTGTCTTTTTCGGATCCCCGTCGACGTGGTGCTAGGGATGTTAACGGGGCGCATAACTTTGTCCGTTGTCTTGGAGTATTCTTATTAGGATACAGAAATGTTCTGTTATCAGTCGTATGGGACCTTTGTATCAGAGGAAGCAGAAGTGTACGTGTAGTACGTAGCTCGCACCGCAAAGCCTACTATATCATCTAAAGGTAGGATCTCATCGAACATAACTTGTGGGAATGCTTGGACTTAATACGCCGTTGCAGTGAAATGAATATACATGAAATCTGTTCGGACCCGTGCGCTATGCTAGACGGACGTCCTTGGTCCGGATGCGCGCGTAAAGGCTAATCTAAGAGGCACCTGAACCCGTGAGATCTGGGTTTGGTGGCTTCGCGAAAGCAGTTACCGTACGTGGCCAATACAAGGCCCTAATTGCTGTTGCTTCATAGCCCTGGACTACGGCGATGGGATGGTGATTCGCGCACCCTAGTTTGATTGAGTACGAACTTTGGTGGGTGGAATACGCGTGGCGTTAAGTCTGCACCACCAGAGCTCCTACCTTGTCCTCGAGGTAAATTCGCTCCTTCATCAGGCGGCGACTGAAACACGAATGCGATATTC,GTATACTTGTGCAGGTCGTGTAGCGCAGTAATGTTTAGGTCAGCCATACAAATACGGCAGGATGGGGCTGACAGAGGGGCCTTCAAAGATGAGGGGCCTCAAGGCACCGTACCACTCCATAAGGGGTGCCTTTCCTGCTATTGCTCTTACGGGCTGGCGTAATGTCATTGGAAGATGGGGTCGACCGCAAGTAGGTGAGGATAACCTGAACCTGGTCGGGCAAAAGCGCATGTAAGCCCCCACTCAGTATTACGCCCGCAGATTTTGAAATGTTCTGGAACGCCACCGCGTCACAACATCAGACCTGAGATGTTGTTCGTGTGAGTTCTGACCGGCTGATCTCGCGATACATGACCTCGGTGGGAAGACCAGATGTAATCGCCCAGGACAGTTGTACCAGCCCTAACCCGCAGCCCCGGCGTTCTGTTTAAAATTACGACTACGCCAACATGTATAAGCAGAGGTAGGGCCTCTACCGGCCTTGAATCGCCATAGAAGGAAAGAACGCCTAGCGCCCGGGTAACTTCGCGACGTAGAGTGTCCCCGTCCTGACTGGCTTTGAAATGCAGCGCTGCCCACAAGGTAGGAGCAGATACATGTATGTTCACTGTCCACCCACCGCCTTAATGGTCCAGGCCCGGTTCCGGCTCCTAGCAAAATCTCCACGCCCATTCGGTGTCAGCCACGAGCCGCCTAACACTGGGCAAAAGAAGGGAACGCCAGATGTTGACGTAAGAACTTACATGTCCCGGGTAAAAGTTCTTGCGACCGACCGGATCGTAGCCAGTGGGGTGCGATGTTGACAAGTAATCTGGGTGAGTGAATATCACTACGGCTGGCCCCCTCGACAAGTATTCCGGTCTTCTCCCCCATCGCGGTGGTCAAGCTCTAACGCATGGATAGCTTCGAACTCGCGTCTTCTTAGGGAACATTCGCTCACTATTATCCACTGCCACACAAGTCTAAGAAATCGAAAGAATAATCCTTCGCAAGGAGCTTC,CCCTAGTCGGACCTACATTCCGCTTATGAGCGGTCTCATGGAGCTAACTCAGAGTTGCGTAAGCCCAGTGGTCTGCTGGTGAATCACTTCCATATGTCCCCTACACGCGGGCCTGCAAATAACTGTACGATTCACGTGGAGCCTACCGGAGTGGAAAAAAGTCCAAGATCCACGACATCGTGGCTTTTGTCTAGCTTTACTCGCCCGTATCGAATTTGCAAACCCCGAACTTAGGACCACATCCCTCCTTATGTTCGCTGCGACAAGACGCTGACGAAGGAACCCAGTCAAGCTTATGCATCCAAATATCCGCTAACCAGACTGACTCACCTTGATAATGGGCTACCGCAGTACAGTGTTATAGACAATATGCGGACATCAGTGACTGCGTGCGGAGTCCGTAAGACTGTTGTCAGGGCCGCCCGGCGAGTGCCCGGAATTACACTTACAATTGAGACGACTAGAAGCTTCCTAGGACGATTGTCGACTTGCTGGTGATAGGTCCACGCTACTCCTTACTTGACTGATGACCGAGCATGTGTTATGTGGGCTTAAAAACGGCACACATGATAAAACGCTGTCAAATTTCCGTATGCCGATAGACGTGCCAATTGTCAACTAATGGTTACCTTGTGAGATTTCGGGTGCATCACAATACCCACAGTGATTTAATTCACACAATGGTCAGCCATCGCTTACGTGGCGGGTCCTTGCTGCAGTTATTCCACCCCCCATAATAGGAGAAGGCCTTGGCTGGCTCTAGCCACCAAGAATTTTTATTCCCGAGTCCAGATTAGGAATCGCCAAGACTAAGTGTATGGTACACTCTCGGCAGATTGCTAGGCTAGTTAACGCGTCCCCACAGGACGACAAGACAGGAGGTAGGGCTGTGATCATTCCCGCACCACTTTCTCCTTGGCGATCGGTCTTTTGCCACTCACTGGTCGTCTCACATTCTCCTTGTGAATGATATCCTCTGCCAGATAAGCGAAATCTTGAT,TTCATAACTTCGGATTGGGCGGAGAGGCCCTGGAAGGGCACGAGCGGATCTACTCGACGGGCGGCGTAAGTCCCTACAACTGGGAGCTTAAAAAGGGCCTTGGCTTTTCAGAAAGAGCTCGACGCGGAGCACTACCTATTGTGTTAAAAGCGCGCAACTTTTTATATTCGAACCCATGTCCCTATCACGGGTTCTAAGATTCTATAATGACCCTCGTACACGGATCGGGCAGCGTTCAGCGAGTAGCCCTACCCGGAGTTTAGACGAGGACCGAGCCATCCGGCTCCGCCCGAACCCTCAAGAATGTTGGCGTCTACCCGGGTTGCGCAGGGAACAGGGCCTAGTGAAGGACGTTAGCTAAGTGGACAGCCTACTCTATTGGCCCCTTGTGATACCAATTTTCCAACGAGAAGATTAATGCTATAACGCCACCCTAAGTAGTAGGCTGGCCAGCAAGGTCGCTACTTTCCCGGGACCCACCTGCATAAATGCAGCGATGTCATCCGAATAGCCATGGCTGTGTAACTTGCCTAGTCGCGGGTTCAATGGACCCAATGTTTAGCCCACACAAGGGGGTGCGCCCAACTACAGAATCGTAGCTCATTAAGCTTTCTGGAGGTCGTAACGTCCTCTAAACGACCGAACGCGCTGGCCTAGCATCCGCACCTTTTACGCATGACTCCCAAACCGCCCAAACTAAATGCGTGGCGGTTGTTTTGACGGAACCAGAAGAAAGCTCAAACCTCGACGTTTCGTCACACTTCCATCGTTACTGCATCCCCTTAATTACGCAACGGGTATGACATTCCAGAAATAGCGCTGCGACGCCACTCTACATATCAATAATGGGCCGGGCCTAGATGACGGCTCTATGGGGAGTTTTGTGGCTCGTGCAAAGTCAGCAGCATCACGCTGATTTTCAATGCCAAACTGTCTACACCTTTGGGCTAGCGCAGCTCTTTGCCAAGGGATGCTTATCGCCACTGGGTGCGCTCCTCCA,AGAATACGGCTCTATATTTCGGTCGTTGGCCCCCGTGTCAACCAGTCCGCGAGTTATGCAGCATCGATGCCGTGGGAGAACGTTGGCTTGCGACACAGCTGTACTAACCAACCCAACGCATAAAAACAATTCGACGGCAATGTTACGTTAAATTTACACGCTATCCTCTAATTATCTAACCACAATGTAATTGTATCCAATTTGAAAGTAAATCTGAAACTACATGCCCCTGTGTAATAATCCCGGTGGAAGAAATTGCCGAAGCACCGTTGGGCTAACCCCAGTAGGAGCTTCCGCCTGCGGTCTAACAGGCCTAGTGCTGGAACGGGAGGACGGCTTAGCCAGCGAAGTCACGGCGTGGAGGTCGATTGTTTACGACAGACTGTCACCGAGCCACACGCAAAAAATGTTTACAAGTGTATGAATGCTCAATTTCACGGTTCGCCCCCGCATACTGTGTACTTAACCTGTATGAAAGACACCATCCGCAAATGTGGGGGACGGGAATAGGTGACCTCCAGTTCTCTCGGGCGCGGTAAGGGTCGTTCTACGCGCGATTCTGATCGCCCTATTAGGATGAAGTTATGAACTCACTTCACACGCGCGACTTCATACGCGTGTGTCTCGTGTATGAGCTGGACATACCTCCACTCCTTCGTACTCGGCAGCAATCTCTGAAACCGGACTGCGACCGGGTAGGAGAGACTTTGCTGCGATTCCTCACAATACGAGTCATTCACTACTCAGTGTTTTTCGTTGATAATACCGGTCTCTGAGCACACAAACTCGTGAGTGAATATTAGAGCTATTCTCACCGGACCAGCGGATCTGCCAAGCGGTTAGGGGCGCAACTTGGGGTTGTAATAGGGACGAATAAACCACCATGGCTAGTTTATACAATACAACCAAACTAACCTGTAGGATTTATCGCTCCAGTCATAACAGGGGCGTCAGCCCAGTCCAGGCGGATAGAATAGTCCTTCAACCAAATGTAGCTGAA,GCGGTAATTTGAATGATACCGCCGTGTGTAGCGCGTAGTGAACATGCACGTTTACACTAAGACCCGTCCACCGGTTTCCGCGACAGGAGCGCTTCGATCCCCGCCCCCTACTGATCATGGTCGGGTGTCATCGGATTAAGCGTTCAGGATGTAAATAAAAAATTGCTTTTCGCAGTTAGTGAAGATTTCACAGACCTAGCTGTGCAGCCGATCATTCTACCAACTTAGTACGGATCGAAAGGCCGCAGAGTCTTACCTGAAACCCGAAGGTTAGAGAACTGTCGCAACCTATCGATCTTCGGTTCAAAATCGTGCACCAGTTAAATAGAAGCACAATTGATGATTGCTACCCCAGATGGTATCCTCGGCCTGTGGTTGTATGGGAAAAGCTGAGGGGAATATCGTTTTGAAAGGGTCACTACCAGTGAAGAACTGTGCTCCTCCGCAAGAGTCTTACATTTTCGGCATTCCTATGAACAGGAGAAGTACGGGGATTTACAAACCACCCTGGCGACTCGAGTACTCGGCCGCTGTGCGCGAGCAACCATTGAGTCAAAGCTTGAGTATCGTTGGCAACGAGGCAGGGCGCACGAGTCGCACTATCATATGTCCCTTATGCTGCAACCCTAGAAGTTTACCCCCAGAGCAGGGCCATTCGCCTCGCTTTCGCTCCGTGAGATCGAGCGCAGGGAACGTTTTAACCGCGGAGTACATCTGGAGATGCGACTCTCCCGGAGGTACTAGGTGCTAGGGTCTATCAAGACCGTTTAACGGCCCCCCGGATTGCACATAGGTACCATGACAGTGTATGGTTCCGTGAGCACACGCGTAGAGCTTCGCTTAGACCTTATACTAAGTCAGTATCGGGTTTAGCCATAGTATTGGAATATTAAGAAGACTAGGCTTCGGTGTCATGCACATGAGCTGTCCGACTCTCTAATGCGGTCCAACCTCTCCATGCCGTATATTCATAGGCAGAGTCGTTGGTATACTTTTAGTG,TACATCTCTTTCAGATGCATGCACTTTCTTGGCAGCCGCTAACCCTCGCTCCGGCAGCCGTAATGCTGCAACGCAGACCTCCCCAGCGCTCTGCATCTTTACATGATCTAGCGGTACGAGCCAGGATATACCAGGGTGCATGGCTCCGGTTACCATCGTCCACGCTCTACCGACACAAAGGGTCGGGTGATGTATGGACCAGTTCGTTTGATGCTTCCATCCTTACCCCGTGGGAGGGTATTTACAGATGTGTAACTCCTTGACACCACAAGGATACGGCATGAAGAATGACTTTTCGTAGAAACTCTGCGATCGATATCCTAGGACAGCGAGCTCGGTCAAGCAGAGGTCACGTCACGCTCCATGGCAGATATATAGCTCAAGCTGCGCAGACGTTCCGCGTCCCCACTCCGCCGGGGAAACAGGTAAACTGCTACTCGGCTACATATTGTCTTGGCGGAAACCCCCATTCAACGCGTTCATACTGGGCTGATCACTGCCTTCCCGCTTGCCATGAGAGTTCTGCTCAAAAACGATCATAGTTTCTCAGATGATCATCACCTTAACGAATCTTGGGCAAGCCCCGAGAAGACCAGCGAAATCCAAAGGTGACATGTTCACGCATGAAGAGTCGACTCTGATAAATTAACCTGCGTAAAGCAATTGTCAAGAACTACGCTGAGTCGATCAGTGGTGAGAGATTCCCGCGATGCTTCAGTCGCGTAATAGAACAAGGCAGCAGGAACACCCGGGTAGATACTAGGTCGCTGGAATAGGACGCGCGGCGCACATTTCCCGTTGAAATAATCACGATTGCGAGTAACCACCGCGCTTGCCCTCGTAGCAGTCGAAGAGGTCTTGCGGGTAACACGGAATGGTACTGGTCTTCGTATGGGTTGTCCCCTTACTTGCGTTATTCGATTTAATTATCATTTGGACCAATCCACAGCCACGTAATCACCTGTCAAAGCCCTACGCTCTGATTGTAGATACCCTGTAA,CCCGTTTCTCAACAAGGGGCGCTCGTTACCCTCTCCTTGTACAACACGATTCAGGATGGCCTATCAATCAACCCTGGGTGATCCGCTAGAAGTAAAAATGTCGGCTCGGCTAGTCTGGGTCTAACCGCTGAATGCTAGCATAACCTAAAGAGGTTGATCGCACGAGGGCAGAGACGTTATAGTTTCCAGTCCATTCAAGCCCCGACATGAACCACGCTCTTACGTGCAATCTTGTACCATATACTGGAGGATATCATAATTGAAGTATGTCGTGCCTTGTATGGATAAGACTCAGCTGCAAAAGTCGCCGATGTTGAGGATTTTGCGGGTCATAGTCTTCGGTGACCGGTGGCTCGCTAAAATATCTACCCGCCCAATGAGTGAGACAGCGGGTACGACCCTTAACTTGATTCCTGGGCAGTATCGTTCTGCTCTTGGTGGAGGCACTGCGTGTAGGGTTCAACATGATAGCGCGTCGTGTGCCCGGAGATCTTGGGACAGTATAATCCCGGGCTCCCCTTTAATATGATGCCTGGAAACCTTCGGCGGCCTGTCCGCAGGTGGTGGCATGGAAGTCCACAGTAAGGATATCGACCAAAAGCTCTCGCTAGGAATCTTTCGAGGACCTTCGCTAGGAAATGTTGACTGCAACCCCTATGATAACCACAATGACCGTTCGCTGGGCGACCAAACAAAATCTATACCTCAGGGGTCCAATCTCTTTTAGAGAATTAACCCGGGCACACTTGCACGGTTCAGCGGCTTAGTTTAAGATGTGCCCGCTAGGAGTGCGGAACACTGAATTTCTCCAAGAGGAAAATCTCGGCGTTATCTCCCTCATGCATTTGCGTGACGTAGTAATTCGACGAAGCCCATAATTTGACTAAACCAAAGACTAACGGTACGCCGTTTCCGGATTGTTACCCGTCTTGTGTTATGATAAGCTAGTAGTGCTGTAGTCACGATCGTACACCTGCGAGTGATGTAGATCATCTCTACC,GGCACTGACACCGGATTCTCTGGGGCAAAGTGCTCAGATCGAAGTCGAGGTAAGGTGACTCGAATCCTAATCGCAGACGAGCGAAACGATAAACGCAGCGGATGAGCAACAAAACGATCAGCAGAGCGCCAATTTAGCTGTACGCCACCCAAATAACTCTCTTCGTCCAAACCTCTGATATGGCGACCCACTGAGGGGTCATCCCACATATTAAGCGTTCGACCGTCAGTCCGCCTTGTTGATAAGGGCCACGTACTAGGCGCGGTAGCTTAGAACCAGCCAACAACCGGGAAGGGACTCTAATCCGTGAGGAAACGGACTCGTGAACGCCCGAGTGTTACGGTGTGCTACTAAGCGGAACATGTATGTCCCGGTCGGTCATCAGAGTTCGCTGGACACCCCTCTCAATTTACCGGCCGTTCCCCAAGGACTGACGTTCTGGGTCTTGAGTCAACCGTTGCCCCCGTCCACAGGCGAGGAGGTACATTTGAGGGGCGGTTATCAGATTGAGGTTCGCTGCTGGGGAAACAATGCGCTGCGAGAATCCATTCAGATTGTGTAAGAGATGTTGTTCGGTTTGGTTATCTCCTAAGGGTCCTGTGTTGTTAAGATCACGATACGCGCTCAACACTGTGCCTAAATTTAGGGCTTCCCACTCAAGGGAGAGGACTAATGCAATCTTTGTCCAATCTCTTTCTGGGGTATCATAAAGTAAAGGTCCTTGCCCGCCACAACCGAGAACGGGAGACCAGGGTTCTCTAGTAACCTCCGGCCACATATTCCATGCCCCTAATCCGGAGTCCGAGTAGTCTCGCGCCGTGCTAACCCGCCATCTGGGAAGCTCCTTTAGGTTGGGTTTGACTAGAGTATTTCGTCCCAAAGAGGTCGCTGTAATAAGGTCATGCCGCTGCCCCTGAAGCAACGGTGTCCAGCACGAAATTAATAAGCAGAAGAGGTTCCTCTCAAGGAGTGACGTTGGAGGGGTCCTTAAAAACATGCC,TATAATCTAGATCGTAATAGGACTGTTTATGGGTGCACCCCGTTATATTACGCATCGCTACAAAGGAGCAACTCGACCCATTAAAGCGGCAGTGAAGAGTAAGCATCAACGCAAGCGCTCTTTTAGAAAGCATGTTGCTGCTTCTAGGGCGCTCCATCGGATTATCGAAGTGAGTTTCCTGACTACCGAACGTGAAGTGTAAGTTTGAAACCCGATCGCACCTACCTCTGACTGGCCGTATCCCCCTTGCCCTGGCAAGGAGTACCTTGCTAAGCATTCGGCGCAGAAATCCATCCACGTTGAGCGATACAAGACGATTGGATAGATCTTTATATTTTTCTATCGCTCTAATCGTGACAACAGTCTAGCGCCGCGTTCAGAGACTAGTACACTGAAGTACATTTGAAGGAATTCAGCAGTCAGTCCCGCGTCAGGCACCGCTCGGGATAGCAATCCTGGCGCGTTCCTCCTTCACTTTCCCAGTCCCATAAGCGGTAGCGATCCACGCGTATCATATAACAGCGGTTAGCCAGTCGCCTTAGGACTAGGCGTGTTTAGGGTAAACTAATAGCATCCCCCGCGAAGGCTAGCGTGATTATTAGACCGATGACCTATTAGAAGACTACATGGGGATAAACAAGCTAAAAAGAGTCTGTGCCATACATTTGCACTCCAGCTTCGGTGATCAACGTGCAGGAGAAGGGCCATACCGTTGTCAGGATCAGTACTCCTCCAGCCGCAGGGGCTCCATTCTTGCGTCCTATGTTTTGTTACGGGGCCACTCAGCCGGTCAGCCACATTATGGTCGGCCCAGCAGTTACCCGTTCCATATCACGCGCGGGTTTTGCCTCCTCGGCACAATAAGCGTGCCGAGCGGAACACCGTGGGGGTACCGCTCAACCAAGGTCGGAGGGCTGCGGACCGGGAGTCACTACCTGTGGAATTCCATATATGTGGAAGGTATAGTCCGGTGCGCCCGATTTACCTTCTTTAGTATCCG,GCTAGATCCGTGGTCTCGTCACTGGCGGAAAGACTTTCTCTACACCGGCGAGGAGGCAGGTGAAGATAATTGTCTCATGCCTGCCCTGCCAGAGACGCGTCAGCACCGGGGCCACTGACGACATCGCGCCCAATACCCTAGGTAGCGTTCCCAACATATGTCCTTCAGAGTTTCATAGGGGAACCATAGGTGTGAGTCGATAAAGGATGAAGCATATTTCCAGCTTGAAAAGCTGACTCGAATCCATGCGCATATTCAACGGATTACCGGTGAGCAGCTGTCTATTCATGGGAGCCGCGGGTATGTAAGGGTACTATGTCCTAGTAGAGATTGTGGCAGGAGAGGTCCGAACTACCGGATTCCGCGCTACCAGTGGAGGGGGCTCACGGTAGGCCCCCACATTTGTTGGCCCTGTATATCAGCTTCGGCCTATGGTGATACAGTATCGGATGGGCTGACCTGCAAACCACAAAATCCGACACCCCACACGGAGGCGGTGGCGTAGTCTTTCTCTGAAAGGTACCTCGACCCCGTACCTTCGGCCCCTTCTGGGCTTCACAGAGCGTTCGGCGATATGTGTGTCCGGCCGGACCTCTGGGGCAGTAATTGGGTATTTAGAGAATTCCTCACCGAATCCCACACGGAAGAGTTCTCCTAGCACCATGACAGTTTGCAGGCCCTATGCAAGGCTACTGTTTATGTCGTTAGGAGTGAGTCTTCGGCACAAGACCCGGCTTAGAGGGACGGTACAGTCCGGCGACCAGTCGCTACTACTCGATGGGCACGGAAAGTTAGATGATCGTCTATTGAGCAACATATCGGTTTATTTTAACGAGAACGAGCTTGGACGGCCAGCTTTGAAGGAGAATACCCTGCAACCGCTATTAAATTGTGAGAGTCACGGACGCAGACTTCGAACCTTCACGTGTCAGGAATTGCATTGATGTTACGATGCACCCTGTGGCCCCAGCTCGTGGCCCCAAACATCTAATAGCAGTGT,TGGCCCATACCCCATGAGCGTACGCCAAGATGGTTGACTTCTTGACCCGATTCACGGTTGTGATGCCTTACCACACTCAAGCCCGAGAGGGGTATTCCGAGGTGGTGATTACTTTTCCCCGTTTTTTCTCTTCCCATTATTTGGTTCGATAACCACTTTGTTACTGTATTATACGAGCCTCTGGAAGCGTTAATAACGTCCTGTTGCGAGCATCGGACTATAATTTTGTGTTATTCCCTAGGGCATTCGATCCCCTCACGACCCGCCGATAGCCTTCGTCAAGGCACAAGTTAACCGATTATGTATTACTTGATATAACTGTAATCACGGGTTGACAGCGGGAGTGACTCCAAATTAACGGTCTGCCATTGGATACCATTTGCAAGTAGCTACGCTAAGGGGGACATTCAGTGAAGAGCTATGCATATAGCAGAGAAGATACAGGGCGATAGGGCTCTCTTATGCTACCGCTCGTTGGGAGCCTCCGAAGATGGTTATTTCTAAAGGCAACCTACCCCAATGTTTTTAAGATTGCTGTTCGGTATGTAAACTTACAGCGCAATATCTGAGAAAAGATAGCCGGGACTTGTATTAGTATAGATCCTTAATTAGGTTAATTTCGGCCCCCACAAAGTACGCTTGACGGACAGGTGTGAGGGGGACCCTCCAGCGCCTCTAAAAGCTCATCGGCGCTAATGACATTGGATAGCATATCCGGGCTTCGTTCCACCAGTTTTGTAAGAGGTCTTAGGAAGGCAGCTGTAAGCCAGGTTGTAGATCTGATAAGTGGCCGGGATAATCCGTGTTATCCTCAAAAAGCTGCAGGAGCGGTCTGTACGATGGGGGGTTAGCATGCTCGAGGTTGTTTCGCCTAGCACCGGGAACCCCGCCTCCGGTCGAGCAATATTACGCTGCGTGTTCGATTGGTGCTGACGGGAGTATCATTGCAGGCCCTCGCGGAAATCTACTGTGCTTTATTAGGGGTCGTTGGGTCTTACTG,CGACGGTATCGCATTCATCCATTTGTGAGGTTGCATTGCAGAATCCTTACAGATCGAGAGTAGACCACAATCCCCATAGGGTAGGGCGCGTGAGGGACAAATCTTACAGGATACAACCTAATAGCAGCCCACGGAGTCACGACAATCGCTTGTAACTATACTTCAATAGTACCTGTGATTGAAAAGGGGTCCAGTGTCGTATTAGTGTTGAGGCAACATATACGTATCATCACTGATAGGGACAAGCGGCCCCCAGCCATCAGTTTACGGAACTTCCCTGCCGCGTAATAGGTGTACTCATGCTAGTGCGGAACTATGCTGATACGGTGCGCTGCCGGCTGGGTCCTTGTGGTAACTCCGGATGGGAAGCTTTAATGCCGATGGTCACCATAGTCGACAGACCTCGGTCTACATTCAGCGAACACGGAGGAAAAGTATCGATCCTGCAGCCCTACACGTTCATCTATGGTCATACAACCGACCAGTTAGCCACCACCTAGCAATAAAAGCACTGCAACAATGCTAGAGGGTACTCGGTGTGCCCTTCCTGGTCATTAGAAATACTAGTCCAACGCTTCCAACGAAACAGTTACGGGAGTCCTTACCCGGGATCACTCAAGATCTCTAACCTCCAAGAGCAAACGGCATTTAATATCCCCCTAGCCATCTTCTTCACCGCAGGAAAATGATATGAATCACCCTCGCAAACTGGGCATAAGATATAGGTTGGAGAATGATCACGCTTACATGGGCTATTGCTATTCGATCTCACCAGAAGTCATTCCGGCCAAAGGGGAGTGAGCGCTTAGACGGATGCCATGTCAAGACGTCGTAGGCGTGTCCCTCGAGTGAGACACGCAGGCTGAACAGTATCTACGTGATAAGAGCAACGATCTTCCCCACAGCATCGGTGGCTTAGCGTTCCGGTCCCAATCATCTTCTAGGTTCGTCACATCTTGTGAAGGCTTGTTTTACTCTTGACGGGCAGCCACCCTAGTTT,ACACTGTTGGACCATACACTAGAGACCTCAGCGAGCTTATTCAGTCAGGGCAGAGAGACGGGGCGTAAGCCGGGCATCCTAGTCTAATCATAAATCGGCGGCCGCGAAGTGCACGGCTGCCCGGCGCATAGCCCTAAAGTTTTTTCAGGCTCTGATCGCCACTAGTGGGCGGATTGGCTTAATGTAAAGAGTCTATATTAGCGCATGGTACGACATCGTTGAGTACAAGACTGCAGAGCGGGGACTGCTCAGCATGAACAGATACCTCCAGTCACAGCAATGTACATTTGGTAGGTTACATCCAACCTGGGGACTCAGTTCAACTCTGGTCGTCCTCTACACGCTAAGTCATCTAAAGAAGCCCGGTCCATGGGCGTGGGATTCTGCGTGCTAGTGGATTTTGTAATGAAGCCGGATCACTTATTTATCCCCATTCACGGTCTTGAATTAGCGTCAGTCCTCCGTGTATTGATTACGATATAGACTGCTTCTTAATATTTCACCTCATGGACGGTTGACGATCTTCAGTGGTGCAGCCACACTTCGCAAACGCGATACCGTGCAAAGGAGCACGGCGCCTGTGCTGTACCGCAACGCTGCAGCGAACCTTTTCACATGAGACCTGGAGTCCGAGGGTCTTGTTCTTTTTAACGAAGGCCTTTAGGCAAACTCGTCTCCAATAGGCGCAGGTCTAATACCTGTAACGATCCTTTATACGTGAACGCTGCCTGTTCTTGATGCCAAGTAACTACGCTACCGATTCCACTACGCGAACTACTCTCATCGTGACGACCTGCCACGATCCTTCAATGTACCACATATTCTTTTGCGTTACAGCCCTTGTGAACCCTGACTATACCTCCTTGTCGGCGTTGGATACAACCCAATGATAGGTACCACCTTGTTCTACAGCACAAGTTCTCCGTAGTGAGATGCGCTGTGAGCTCCGGGACGGAATGGGTATACATACTACGAGTGTTCAGCGAGCCATAGGACGCAG,AGATCTCAACCGATTGCGTAGTGTCCGATCTCTTATAACCAATGAGCGTTCCGCTTGTAAACTACGAGACAGTAAGCCATACCTTACCTTAGGCAGCCACCTCGACTAAAATACTTTGAGTGGTATATTATTTTGGAGTTTCAAGATATCTTTGCGCGTCAAGAGCTACTGTTCGCATTACTCACTTGAGTCCGCCACACTGCTCCGCAAAAACGCTTGAGAAGAGAGTGACTGGATCTTGAAAGAATCGATCAATCATCGCAGGGTCAATGCAATCACGAGCCACGCAAACAAACACCTGTTGTGAGAGCCTAAAAGTTATCGTTACAAGATGCTCATTGCCCTTTACGATCCCGGGTAGCCTGTACTCGTAAGGAGCTGAGGCATTAAGTCTTGGGGTAAAATGCGGTATGTGACCAGGAATAACGCAAGATACCACAATTTTTAGCTTAATCTGCAAAAATAGAGACTTTAACAGGCGCCTGGTGTAAACCTATGGACTGGTGAAGAGCCGTCACGGCCAGAAGGAGGCTATAACATGCGTGCTCGGGTCTTGCATCTAACGCTCCAAGCCTTCGTTCTGCCTTGGCATTTCTACGTCTTCGGCTCATTGACTAATCGCCATCACTTTCTTAGGCGCCAGGAAAGAACTGAACCCCTCTTGGTAGAATACCTTAAACCATCTACCCCCGTCGTCACACCCGGTTTCCGTGATGTGTTATGCTAAGGATAGAAAGCGACAAATTTGGCTCCATACACATTTAAATACGAGAGGGTCGGAGGCCATCCCTGGGAAAGAAGTTGCACCGCCTGAACATCCGCCGTGTCAATCGTTTCACGATTTAGCCTCCTCCCGTCGCTCGTGGCAGTTTATCCGGGAGCACGACCCCATGTTGGGACTTGGTAGGAGCTGTCGTGATTGAGAACGGCAACAGTTGGGGTTCCTACAAAGTGGGATGGCTGACGTTTTAACCTGACTACCGTGACTCCGCACTTCTCT,CGCAGCGCATAGCACTCGTATCCCCCGATGAAGTCGGCACATATCAGCTGCGCCTGGCGACTTAACGCTGGTCACTAATGGGGATGAAGCACAGATCAGAAGCGTGCTTTAGAACGGGCGGCCGGAACGTCCTTCACGTCGCAAGCGAAACCTCGGTGCAGCGTGGAGTCCACAAATGAAAGCAATTTTTTAAAACTACACCCAAGCAACGGCTCCGAACTTCGCGCCTAGTTGACGGTGGAAGAAACAATATAGATTATCACCATAGCCTCCAATTTAAGAAACGTAGTTACTTTGTGTACTTGCCTAATTAGCGATCTCCAGTCTGATTGCATTAATGAAGATATTGGTTCCAGACGTTGTTAAAGGTATGTAGGACCTCGTGCACCGTAAAATCCATACGACACCTGGGGTACCTTATCGCACAACGGTTACGGGCTCATCGTCTCGATATGACCGTGTAACAAACGTCTCACGAAGGCCGCCGTTCTAAGAGCAGTGCAAATAGCTATTGGGTAATTCCGCAGCAACAAGTAGTAACAACGGCCATATTATACGCTAGTCAGTCAACCCTCGAGTGGAAGAAACGTGGACTTAAAGAACGATTTTCTGATAGAATTCTATTTGTCCCTTCCCCCTAGCTATCCGTGCTGAGATAATTGCGGTAGCTGCGAGAGTGAACATCTAAGTATCAAAGTATAGTGACGAAAAGAGAGACCCGGCACATTCAAGTTGTCCTGTTGCAGTTTATTGGTCGTCCACCGCGGGAGGTGACATCTAGTAGTGTGTGTTCAGGCGCCTCCCCTAGATAAGATAGGGTATGGTGTATAGCTCATATGCAAGTTCTCTCTAGGGCACGTACTTCCCACAGACGGAGTGGAGTGCCAGTTTTACTAGAATTACCCATCAATTGGGGGGCAAGTTCTCTGAAAGCTAAGGTCCTCCAAGCCGTTAGTCACATCAACGTTCCGCTCGCTATGGACATAAGATAACACCTATC,TACAGATATATAGTCTGTTCATGGTAAGTCGGTACGCCACCAGTTCCCGCGCCAGCCCTGGATTCGGTCCGGCAGTGATCAAGATAGTAATTCCGTCTGCACTTCGATCACGTATAGTCTCCGCCTTCGTACTGGCCCGTAACGTAGTATAAACTCGAGATATTTGAGCTTCTCTGAGAGAGGGGGATACGAAGAGTTCAAGGAATGGATAACCGCCAGTCTCATTAACGAACGGACTCCCTAAATGCAAGGCTTTTTATTCATCCGTTGCATTATTGGTCGTTTGATGATCGTCTCACAGCAGAGCCGCCGGATGACGAGATGTGCCGTAACTGCACGATTGTGCTTACGGATGCGGGGCTAGTGTACCCTGTTTATCAGCTCGGAATGAAACTGTTTAATTGCTTCCATACTATATTGCTAGTGCAAGTACACGTGGGAGGCATTAGGTAGACTGGAGCCCGCAGCGTTCTCTTTCCCGCTTACCGTCCCATGTTCCATGATCCCCAGTTGTGTCGGCTATGTTTTTGGCGGGAGAAGGTCTGAAGTTAGGCTATAGCGCCGCGGCACAAGATTTAGAGCTTAGTCGGCTGGTTAAGTCAGTCCAACGTTAATTGGGTGGATCGGGATGTGGTACCCGTTGGCCCACCCATTGCCAAGTACTCTGGGTTAAACAGCCGAATAGCGGTCTCACGACTTTTGCATGGCAGCTTTCCCGTAGCAGTATTTATGGACGCTATCCAAACCAATAACAGTGCCCCATAGTGTTTAGGATTCGTTTGCTACCAACCAGTATCACGGAGGGCTAGTAGCCGAGCTCGTCCCTTATGAACACCATAGATCGAAGAGAACTGATCGTGCCGGCGGCATATTGCTTGTCTCACAAAGAAAATTAAATAGTTATAGCTTTGCCTGTAAAGAGGAGATTATGTAAATTAAACGACTTAACCTAATAAGTCCAAGCGAATTTTCACAAGGGAAACATTGGCGCCGATAGAAC,TCATCCCTTCTCACCGACTATCTTGGACACCGGCTTACCGAAGTATGTCGACTACAAAGGACCAGTCTTCGAATGGTTTGTGGATACGGTTCCAGAATGGGAAGGAAACCTGTGCCCATCCGTTCCCGAGCAGGAGGACGGTCACACTCTTGGACTTTACCTACGACTTAGACCCTAGTGACCCTTGGTGTTACATCCTTAGAAAGGATGTCTGACGAACCCATCGTTGAAGCATCCAACTGTGCGGTAGTCGTAACTGGGGCACCAGTGCGAAAGCGACATTTGGCAGACATAACTGATAGATTCCAGCGCCCCGCAGCATCCGAATGTCTCAATGCTGAAAGTGATGATCCTAGTTAGATAACACGAAGCCAACCCACAGGAACGGGAGCTTGCACCAATTGCTGTTCCTCGCATACCCTAGTCAGCATGCTAACGCTGACCGTGTATACGTGACAATCTTCCTCCCTTCCAGAGCATAGGTATTTTGCAACATTCGAATCGAACCCTTACCCATGTGTATCGCGGGAGGCGGTGCGTGGCTCCTTACAGTAGCCCAAGACGGGTGTGTGTCCCACCTAAAGACCGCCGTCACTTTTGACTATATGCAAGTGCTGCTTCACCATTGTCTTGGTTACGCTGTCGAAATTAATAGCAATCAATAAACGGTTGCTAACGACTTAGGCGTATAGATCAAAGTACATTTCGGATACTAGCTAGTTGAGCTATGCTCTCCCCATGAGCCGAGTTTACTACTTGCTTTAGAGGACGCTGGTACTAGAAACCGATGCCACCGGTAAATCGGAGTACGGCCCGACGCTATGTTAACGTCGTATTTGATGGCCACTTACATGTGCGGTAATGCTAGATACCCCTTTAAGGAACCCATGTACAAGACCGCCGGCGATGAAATGCAATGAACACAAAAAAACCAGTTAGGTCCCGGCATACCTATCATTCGATCAATGATTAAGGGAGAGCGATAGCGTTCTATTATATT,ATACCAAATTACTATTAACGAAACCTATGCGTGTGTGAAAGCGTTAGCGGCTCGCACGGTTTGCGGAGTATAGGCGGGAACTATGTAAGACGCCCACTGGCTTTACGGAAGAAGCATAATGAACAACTAGCCCGCGGATCCCCGTAGGGAGGGGTTTTTCGTTTATGGACTAGACCCTCCACGTTCGTCCGAATTTCTATATGACCGTCGGCGTACCTCACCACGATGGGAGCAAAGCTGACATAAGGCAAGCAGACATCAGAAATGTCAACTCTCAAAAATCCGGCTGACGTCCGGCCCAGTCTCCAAGGATTCGAGGGAAAATAAATACGCCAAGGGCCTGAGCGAGGGTGGCTTACGGTGTGTTGCCCGAATAGCCACCGCTAGGGAAAAGCAACTTTGTTGAGTTTGGATCGGAGTGTAACAGTCACGGTCTGCGAAGCAGTCCCGAATCTGGTCGGTGCGGTATAAATACTACCTCTAGGCATCTTGCCTTGTGCTGTGGAGGGCGTCAGAGGTACTAATAAAAGCATGTCCTAAATAATTCGGACGGCGTGGAGCGTTATCGCTAAGCGCCGGCACAGCACCCTAATATCTACGGAACCCACCGGAGTGGAGTCGAGGCCAGGCACCGCACCCCATGATCACGTATCCAGAAGCCGTGGTGGTGCACACTTGACAGCGAGGCTGGTCTAACTAACTCCGGAATCCGATGAAACAACTGGAATAGGAATTTAACTAACCGCGAGTGAAGGCATGCCCTTGTATATTAGCGGACTTAGCTATCTAGATCCGAGTAGAGGTCTTCCACCAATCGACTGTAAGTTGGACGCATTGCTTATCATCAATTCGCTGCGCCAGGCAGATAGTTGAACTAATAAATCAGTGAACGCGACAAATAGTGGATACTGGCCGGCGGTAAGGTTAGCCACTTCTGCCTCAAGGTTCGCGCCTCCATAAGGGTTAGACCCCGTGCACTATATTGGGTCCTGGATCCCCA,CCGCCGTACACGGATAGAGGAAGTTTCAGGACGTGGCGAGAACATATGAGGAAACTGCATAGACGCAAGTCCAATCCCCAGATCGTGGCTAGAGAATCCGCGCAAATGCGGGTGCACTAAACGAAGAAACAACACACAAGCATGGCCGGGCAATGTATACGCTCAAGACGCCCTTTCAGTACACACCGCGGGGTTGAAAGAAACGATAGACTCGGGGTTACGCTTCCTATCTATCCCGGTGATAGCCCGTGCTTTGGATCGTTTTTCTGTAAACAACCTCGGCTCGTCAGATGATAACAAATAAGGGCTAATACCCAGAAGTCTGATTCAGCGAAAGAGGACTGAATTCTTGGCGACACGTTCCCTTTAAGATGAATCAACTTCATGTCCGGCTACTGACACACACAACAGAGGGAGCCTCTGTGGTGGCTAACCTTAGTCTCTCTTATATGCTAGATATAGAGTCCGGCGCGGGACCTAAAGTATGTTCTATGATAAGAACAACCATTCAGTCCCGTTTAGTCCAATACTTGTCGTATCACTAAACCCATAGTAGCCACAGTGTACCGTTGCTCGTATTGTAACGCGAGCATTTATTGCTGAGCGTACGTTGAGAGACAAGACCATAAAGAGTACAGCGTTGTACTGTGCCATATAAGGCATATGGAGACAATTTGATCGAGAGTGTGTCTATGTTCCTAGTAAGAATGCTATCGATGCGAAGTGGACTGGTTCACTAAACAGAGTGTATGCATGTTGGAAGGCCTAAACTCACTATGCGTGGCAGGCTCTCCCCCAGGGCTGGCTGTCGTTTATCTCAGCTAAATCTTGCATTTTCTCACTTCTGTCTAACTTGGCAAGGGAGTCCTCGGGTGGGCAGTCCGTGAAGCAGACACGCTAACGCCGCTTGTTCTAGGTTAGGCAACTTAAGTTCGTAACCGTGACTGTTTATGTAGTGGCGTACTTATACCGGTAGTTCACTTGATCGCATTTTTTTGTG,CACCAGACGGGATTAACGCATCCCCGTGACTCAGTTTACCGCGTTAACTTGCGCTAAGATCGTCCCTATTGCTCCAATTGTTTAGACCCCCTGGCCGAAAGTGGCTTCGCAACGTCGTGGTAAAAGCCCGTATACACTGAATTTACAAAGGTCCCTGTGACATTCTCGACCGCTAGACATAATATAGAACCAACTTGAGCACATGTATATCATGTGTAAATGCACACCATCTCGGACATTCCAGAATAAGGTTGCGGGACGCTTATTCCTCACGGACTGGCAGATACGTGTACTCCCCAACTCGGTGCTTATGCACATACTAGCAAGATCTACCGAAGGGACTCCTTTAGATGCACGGCAGATGGTGCCGGCTATCTCGCATGTGCGTACTGGTTCAGATTTAGGCTGTCGTTACTCGCTTGGCGGGTAGCCACCGGAGCTTCATCAAAGGATCGGCGGGCCATTCAAAAGCAGAAAAACAGCCAATGTCACGATTTCCTGCTCTATGATTCTCCCTAGATGCCGAGACTTATTTTACCTCAAGGACGACACACCGCACCTCGAACGTTAGTGGGATTTGCCCAATCATCCTATAAGCTGCGATGCGTCTTTATTGGTACACAGTCTACATGCCTGTGTCCCGTGGAGATACACTTCACGGAGCCTTCAAATATCGTTCGTACAAAGTTGTGGGCAATTCGAACTGAGGTTTTGGATCAGCCGCCCCCTAAGACGACCCTTTAGATGGTCCCTCCTCGCTTCACATTCTGACGCATTCACTTTCGTGAAGGAAAGAATTTTGTTGCGTCCGGAGAACTGTTTCTGGCAGTACAAAGAGTTCGCATGTCCCAATAAACGACAGTGATAAGCGTGTAGTTAGCATCTCGGGCGAAGGCCTGGAACGCGACTTAGATCACTGCAAACACCCCTAGTTCCAAGTCTTACCTTAGACCCAGCCCTTGAGGTCATGGAGTAGCAGCGACCCTGAGGGTGAGCAGTG,TCCACGGTTCCGCAGAAGCGCTGGGTCGCGTTGCGTATGACCGAGTTCGTTGGGCTAGCGCCCATAGGGTCTCATATCGCTAGTTCCTGAGCATCACCCTGTTAGACGCTCCCGCGGCAGGGATAATGGGCCTTAAGGTCCACATACGACCCCCACTTGGGAAACCTCGGGCATGGTCACCTCCTTGATTTGGATTGCCTTCTATCGCGAACACACGGACTCACGCGTGGAGATATAGGGCTAGATGGAAGACTTCTTTTATGAGTAGCCTAGGTAGGTTGCTGAGTAACCACAAACCGTTGGGCATGCTGCAATATCATTGTTCGAGTAAAGAGTTCTTTAGAGTGGTCGTTATACTAGGTATACAGAGTGAGTATATTGTTGCTTTAATCGCCTGCGTAATTATAATTTATTCGGTACATGAAGCGCCTCACCTGTCACCGGGTCTCTGCGGGTTGTCGGCCACTTTCGTCTCTGATACACGTTCTCGGCCATTGATTATAAGGCATCATCGGTGTATACTGAAGGCCACCCTCAGACGCTTTGGGCGCGAGACGGTCAACCCCCCAAAGGTAGTTAGTGACGCGATATCTAACCGGCGACCTCCGATAATCCACACCCACATTACGTTTACTTAGTCCAGAAGCTTACCACCAGAGCGTAATCAGGAATCCAGCAGTGACATCGAGTCAATGAGCTGCTATCTCCCCTGGTTTATTAACGAATTGTCTGTCCCTGCATATCGACCACGTGCTTTACATACTTGTTGTTGCCAGGTTCAATGGATAATGCATAAAGCTACCTATGGAATCACACACGAGTTTTCCGGCGCGGCAATCTGCAGCTTTTTGTATGCCGTCCAAATTGCATCAGGAAACTGTACATTGACTCCGTTTACGCGCTGCTTGTACGTCGGGGTCACTATACGAACCGTAGGGCCGCTTTCCGGATGGACACTTGAGAGACTGAGTCTCTCCAAACTGGACGCGGTGGAGACACA,CAGCCCTCTCGACTTCTAGCCGGCGTTATTCCCATAGTCTCACAGCTATCGCCGCTATGATATATGCCTTGTCAGTGGCTTTCTGAACATCGCACACGATCATGATGTTTATAAAACCAAATATTCAGTAAAATGAGTGCTGCTAAGCACCAAGGTGACATAATATTATCGTGAAATCTCTATGGTCCTGTCATCGCATTCCCGGAGTGCTCGGTAGTTGGCGAGTACTTTCCAAACCTAGAACCTTTAGCCTTAATCTTAACAATGTGAGTCCATGGCACTACTGGTCAGTTTAATAGCTAGCTTGGGTTCAAATACATTTTCGTCCGGGCACAATGATTTCGCTCTAATAGCTGTGAAAGCAAGTTGTGCCCTTTCTACAAGGAACCCTTCCCCCAGTAGGCTGACGAGTATCCCCCAGTGCCACCAAATAGCCTTTGTACAGAACTGCGTTTACCGTGGCCACACTCCGTAAAAGGCAGTGCCAGAAGACAAAGATGCCCACTCACTAGATTGTGTTGAACCTCCAGTAACGTGGGCACGGTTTCCAGGCTAAGGGGTATGGCACACCCTATTTTATGTCTCCCACCAGTCTAACGTCTGTATACTAGAATATACTGAAAACCTCAGTCTGCGATTCGCCGATTGGGAGACTAGCAGTTCACAGACCTTAGTTACAGCTTTCATCGGCGCAGGCTCCGCAGTCCAGGCACATAGGAGAAATTGTGGCTTTAACGATTCGAAGCAGGTGCTCTCGAGCTGATGATTAACCGCCCAACACAGTGGCGAAACTCTCGTATAAGCCGCATATTGGCCGTCTCTGGAAGGTAGCGGATGACGACATGTCTCCTAAGGTCCATTCTACTATGCCTTGAAATGGCCCAGCGTGTACACACCAGCCATCTGGCAAGAGTGCAAACCGCTGCGGCGCTCTTACACACCTTCCGTCTTTCGTCGGCTGCATTACGACCATACAGCCATACGCAGCGCTACGATAGTT,TTTCTGTGCGAGTGAAATTCTCCCGGCGATTGAAGGAAGTCATGGGCCGCATAAGTGAACAAACAGGTATACGGCTTAGTTTACAAAAGTGGCCTACTGTGGCTCGTTGAACTGGAGCTGGTCCGGTCTGGCGATATTACTCGTCGTTGATTGATTATGGGTTGCGCACGTAAGATTGCGACACTATTACCTCATATTACGTTGTTGGTTTCGATAAAAATGCGTGCTCACTAGGTCACTTGCTAAAAATAGTGGCGACCGTTGACCATGGAGATGTATCTAGGATGCGGCAGCGCCATGTCCGAGTAAGGATAACTACATGATTATCAGTCCCACTCCGCGACGTCTCGAGTCGAGACGATTGGAACTATAGATCCTCTCAGCGGGAGGTTAGTTGCACTAACGCTGAATAACAACTAACACAGGCCGCCAAGCATTTACCCAATTCATTCTTACCGCTTCAAAGGGCCGAGTCGTCTACACACTACTCTGAATAACAGTGTAGGTGAGCGGTCATGATTAAACCCTCGAGCGCAAAGCATGTTAAAAAATAGGATTACCGATGGCCCCCTACTTGCCAGACGTCTAATCGGTCTGAGACGCCTAATTAACCGGGGGCGAGCACTCTCTAACCAGCGGGGGAGTCTGCGTACTTTTCTAGCGCCGCGTAGACAAAGCCAGAGAATCAGCCGAAGATAACATTTGAAGTCTGCCATCTGGTCTGTAGCGTGGCCCATAACCGTGAACGCTGGATGCGCGACATGACAGTTCCCGCTCTTATATATCAAGCCTAAGTAAGGGTTAAGTGTGCCCATGGACTTTGGACGCATGCTAAGGGAAAAACGCAATGCGGCGCAGTCACCCGAGGGTCAGACAAAAATTAGCCCCGAGGGCGAACTGTCGTATGTGGATGACTCTATGTTTAAGCCCCATCAATGGCGCGTCTGGCTTCGTTAATTACTTGTCCACTATACATTCAGACGCATATCACAGGTGTAAC
