P1_ID,P1_Gender,P1_Chromosome_1,P1_Chromosome_2,P1_Chromosome_3,P1_Chromosome_4,P1_Chromosome_5,P1_Chromosome_6,P1_Chromosome_7,P1_Chromosome_8,P1_Chromosome_9,P1_Chromosome_10,P1_Chromosome_11,P1_Chromosome_12,P1_Chromosome_13,P1_Chromosome_14,P1_Chromosome_15,P1_Chromosome_16,P1_Chromosome_17,P1_Chromosome_18,P1_Chromosome_19,P1_Chromosome_20,P1_Chromosome_21,P1_Chromosome_22,P1_Chromosome_X,P1_Chromosome_Y,P2_ID,P2_Gender,P2_Chromosome_1,P2_Chromosome_2,P2_Chromosome_3,P2_Chromosome_4,P2_Chromosome_5,P2_Chromosome_6,P2_Chromosome_7,P2_Chromosome_8,P2_Chromosome_9,P2_Chromosome_10,P2_Chromosome_11,P2_Chromosome_12,P2_Chromosome_13,P2_Chromosome_14,P2_Chromosome_15,P2_Chromosome_16,P2_Chromosome_17,P2_Chromosome_18,P2_Chromosome_19,P2_Chromosome_20,P2_Chromosome_21,P2_Chromosome_22,P2_Chromosome_X,P2_Chromosome_Y,Child_ID,Child_Gender,Child_Chromosome_1,Child_Chromosome_2,Child_Chromosome_3,Child_Chromosome_4,Child_Chromosome_5,Child_Chromosome_6,Child_Chromosome_7,Child_Chromosome_8,Child_Chromosome_9,Child_Chromosome_10,Child_Chromosome_11,Child_Chromosome_12,Child_Chromosome_13,Child_Chromosome_14,Child_Chromosome_15,Child_Chromosome_16,Child_Chromosome_17,Child_Chromosome_18,Child_Chromosome_19,Child_Chromosome_20,Child_Chromosome_21,Child_Chromosome_22,Child_Chromosome_X,Child_Chromosome_Y
11dfcc76-410d-4b4e-b3d6-60f6dd008973,M,CACCCACTTGATAGAGCTTTGGTTGAGTGAGACCTGGAATGTGGCATTCTGCTCAATTGGCAAGGAATGTTTCCGCCTCGCAATATCTTAGCGTGTTATGTGAAGCAGCGATAATGCTCCGCCCCTGTTACCCAATGGAGCTAACTCAACATGAAAACTTCTGTCCTCAAGCACATGACATTCAATAGATCACATACGACACGAGGGATTATCCTCCACACTTTCTTTCAATCTAGCTCATTCCCTCACTTACACGTCCTGTGGTTTTAACACGATCTTCCGGTTTACCACGGGCACAGGTACAATGAGGTACCCAATGGTAGAAACATCTGAAGAAATGCCGGCGTAGGAACGCACGGACCTGTTACGGCGATTCACCTAAACATGGGCACCTCACAAGGCAGTACGCATAACCCACCCTAAGCCGATGGGCAAAGGTATGACGCATCGGGTACTTGCTGCCCTGCCGAGGTACTTCGCAAGATAGGCTGGCTCTATCGTAGCCGGCTGTGACTTCTTCATTAGCTGGATAGAGTCGCACGGCGTCCGAGATAAGAACTTGAGTTTGGCGACACTCAGGTATGCAAGGGCATTGGTTAGCTCCGTAAGCCGTGAGAGACATGGTCCACCGTCAGCTTGACCGGTCCAGCGGCCATTATCTGAACCGGAGGTTGCGGATCGTGCACCAATTCCTATGACCAGGTTAATTCCCAGGGGACGCGACTTAGGTCCCAACGCACAAAGCCAGCTAAGATAGCTAACTGACTATCATGCGTTTCATTGCAAGACCAGTTTAATAAGGTTAGGAACTAACCCTGTAGTCATACCCTCAAGATCTACCGGCCCCAAGTTTCTGCGCGTGCGGGCCAATGGCTAGCGACTAAATGAATTCTTGTTTCCACCAGGGCCACCAGCTTATGTTGGGCTGAGATGTTAAGAATCGATGGTTGATCTCCTATAAGATGACCCGTTAGACGCTACCACATTCGCATAATTTTCG,ATGTTTGGTAAACGCCACATCCTCATACTTATATGAATATCTCCGAGTGGGGGCGTAGATATGATCAGAGACGCTTTGTGGTAAGGAACTCTATACCTAGATGCAATACTAGTGGGTTGGGTAGACACGTTACCTCGTAAGTCGCTAGTACTGTGGCCAATTTCTTCCAAGCGGATCTCGGGGTATACACTTGCAAACCTATACCACCTAGGATCTTGTAGCTACCCGTAACGTTTTGAGTGTTGAACTATTGTGAACGGTCGGCACCGAATTGTTCCGACGCCGAGAGCTGTACGAAAATCCAACTGCTTTCCGGTGACTACACGCAGGTGACTCCGGTTCCCAAGGCTGATTTATCACCTAGAAGAACAAGCCTGTGGTATGGAGTTCTGCGCCAAGAGCACCGCGTCCTGTTGGGTATATCACGCTCTGTGATCCGTGCTTGATTATAAAACTTCCGTGTTGCGCGGCCATGAAAAGTCCGAGTCGGAGCTTGGTATGTAGGTACCTGGGGAGTTATTCAGCCTGTTATAACTGGATCGCAGGCGAGGGACGTACTCGTGAGTAGTGTCGTTGCACATGAGGATCCCGGTTAGGAACCGACTGATACAGCCGCAAGCTTCGGCATCCCGCCGAATTTTGCCTATGTAAAAGCTGAGGCACTACCTCACGCGTATCCGTAGATGGCATTAGCCGAATGGGGTGAATGGGAGAACAGATGGGATCAGCGGACTTGATCTCGGCTGCTAGGCTCACATACAACGATAATTTGGAACCTGTATACTGAGGGTTCGGCGAACACTGCTAGATGATTTCCGTTCTTTTAGCCGAGCATAACAAAGGCCCCGCATGATCACGAGCTTCGTTCCGCTTTAATCCTGAGTTTCGCGACGTCATATGTCGACCACTCTAGACGCCCTTAGGTGCACATCAGGATAGATGAGTCCCCGCTTCGCTAGTCGGCCAAAAGCTTTCGGGAGGAATATATCGAAGGCGGTAA,AGGCTGTCTCCACTCTGCTCATCCATCTATGCATTAACGATCATCTCGTTACCGGTAATGCTATTACGCGTCGCCGGACTAATATAGGTAGAAAGAGAAGATTTCAAAAAGCAGACAATAATACAGTTATATGAATCTGCTTCCCGGGGTCCCACTTACCAGAGACCAGCAATGATTTTGTTCAAGCTAGCAGGCTTATTCATACTGGGAGGCCTTAAATTACGCGGCGAGGGCTGTTCACTGGTGAAAACGTATAACAGCTTCCCAAGGGTCGAGGCCTTCAGTTGGCACGTCCTAAAGCATTCGTCGGGTTATCGAATCTTAGAACACCTGTTAACACACACATATCCTTATTTCTCCTTTCCCCACCGGCAGACGGATGTCGGCCGTGGTCTGCGTCTCCAATAGCTAGTCCTTCTAAAACAGGTATGAAATAGGGCCTGTAGGTACTTTGTCAGTACTTGACCTATGCAGCGACGATGGTGATGGAGGCCTCCGTCCCTCCAAATTGTGAACTACGTGAACTGTCGGAGGGATGCACCCGTGCCTCCAGGCTAGGCTGGTCGTTGTCATGATAGTATGGCTTGCCGATTTAGTATTTGGAATCAATTATTCACGGTCACGAAACTGACTTCCACGGGCCTATATTCAAACCGTACAACCGACGCCCGTTCGATCGGTCGCGGTTGAGTACTGCCGTATAGCCAATCGTGGCGCTCATTCGCGTTAGGCTATCTGAGGAAAGCTGTCGTTGCAGCAGACATAAAGCACAATACCTCTAACAGACCCATGAGCTAAATAAACTGATGCGCTTTCTTATGTCTTTGGCCGGACAGTATCCTTTCACAGAGCTAAGAATCGTGATGCGCCTCGCTGGACTATCGGAGCCATCCATAGCGTAGGGCGTTACGACACCCTCGACAGATAGAACTTTCTGGACTCTGACGCCTATGCTGACTGACGCTGGGAGGCGACGAAAGAACCAACTGATCTACTATGG,CACCAAGTACCGATCATGTGCGAGTTCACCACCTCTTACCATCTCCCAGTACTAATGGTTGAATGCAGATGCAATGTATGGTCGTCATACCCTCTCCGCCTTAGATCGAAAGGGAAACGGTTGATAACTGGGGGTTGAGCGGCACCCTTCTAACGACCGGTGGTCACGCCAGTTCACGCAGATAAACGGTGTAGGCTCGACCCGGGGTGGTTGGTCCAAATCGCTCGCCTTGGAGAAGTTCCAATAAAGCGTATACCTGCGACAATTAACAGAATCTAGGGACGTGCTACGGAACAATAGGTATTACATAATTCGCTAACTGAAGTACCCGGTTGCGGTATTGCCTCGGCTTCAACTTCACTGGTTAGGATACTCATGATGACGTTTTTCGAGAATACCAGGGAGCTTTATCACGAGGGTTGCAATCCTGCCAAATGCTATGGTAAGAGGACATTAATATTCGGCCGTAGCGGGGTGGGGCAGTGCTCGCGCGTCTATTTTCTCACTGTCTGTTCTACCTAGCAACGTTCTTAACGTCGATATGATTCTTCGTTAAGCTAACACAATCCTGCATACTAATGTGCAACATACGTCAGAGAGGCTATCTCAGACCAGCTCAGATGCGCATCTACATCCCAGCACCCAAGTCTAGACACTCGTCCAAGCGCAAACCAATCCTCATGCGATCCTGACACTTGGCATGGCTCCGAGGCACTGCACCGTTTCGAGGCATATCGGACCATCCCGATCAATTCAGGCCTTAAACTGACATATACGCGAACTATTTGCAACTTGCACCAGAGCACCGGGACGAGGGTTAGTAGACGGTTACCAACGCGGTCGTATGTGCCCTGGAATGTTACAAAGGCGTGTAGAGCGCGGCCTCACCCCCATCTATATCAGTTTGTAGAGGGAGTAATTATCTATAGTACCCTGCTTACACGCAACTGCCGAGTTCTAATGGCTCTGACGGCGAAAGATTGCCGTAGGCATCATTTCA,CAGTGGTTAATACTCCCTTGTCACTGGGCACCTTAACGACGTGGGGAATAGCTGATATAAGGTTCCTGGGTGAGCCGATGTTGGGTAAGCGGGTAAGCACATAGTGAAGATGGCTTGGGAGCACCAGCATCCTACGGTGGTCCTTATATAATGAGTAATTCATGTAAACATGCCTAGCACCTGGTACTTCCTCGTTAGGTTTAACTCTCTGTCGAGTCCTGCACATGGCATAATAAGACGGTTAAACGCGATCCGTGCACGCAACTACGAGTACTTCAAGAGTATTTTAACCGAGATGGGCCCCATGACCATGTCGTATAGCCTGGTCGACCCTAAAACATCGAGTCCCGAGACGCGAGCCCAATACGATTCTAAACCCCGCCAACCGAAATATCAAAGCAGGTAGGAACAAATGTTAGACCTTGGACGGCGATATCAACAGAGAGCTGTCACCATGAGTCAATTTTAACGCGATTAGGCAAACACAAGGTGAACAGAAACCATGACCATCATCGGAGTGTAGCGGCGTCCAATCCAACGCGTCCGTCAATAACAGGCGAACCAGCAGGACCGCATAGGCCTGGTGCATGCGGCCATGAGTGGATCACGCCTATAACAGACGGGACCGCACCAGTTCGCACCTTTTCATGTTTTTCTAGAACCATACCAGATGAGAGATTACTCACAAGTATATCTTTCAATGCGATAGCCCATTCACCCAAGTCCGCTCGCTCCATCCATCCCGTTTTCTTTCGTATTGCCGGATCGTACCATTTTGGTGACTATTGCCCAACACAAAAGCAAACATCCCTCAATCGGGTGTGTCCTCCGGACGTATCGGACCGCTCACATAAGGCGTTCCTACTGCTGTTTATGGATGGAGAGTCATCAGGTGGCCAATTACCGTCATGTCAATGATGTCTCTGAAGTAACGGGGCCGTTTGTACGGCTGGCTTACCAGTACTTTCCCCGGCGCAGTTTCAAGTCTGCGACGCCTAGT,GGCAGAGGCGGTGGTCTGGTTAAGCAAGCCGAGAATTATCCGTTTGTTTTGCCTCCTGCGCAGCCGCCCAATCCTACGGATGGATGGAAAGTTCTGACCCGGGCGACACGATGAGGGTCGCCGCTCAGAATCGAGCCAACGCGTAAATCCGTAGTCTGAGAGATGGTGAACGCTAAACAAGCTTCCTCGACGGCAACAGGCACCCTTAAAGCGCAGACTAGATCGAGGTCCACCAAAGCTTACTTCTTCCAACAAAATTTGGCAGCCGTGTCAGCTGCCGCGCGGCGGAACTTAATTAGGCGGCGTGAGCCTGATAGCACGTAAGGATTTTTAGCTCGAAGCGGCGATATCAAAATCGCACATTCCGCCCCTTCGTAGCCCGGATCTGTCCTCGCGGCGACATCCCCTTGAGAGCCTTCAAAGGGTGTAGACAACTTTATATTATTAAGCTTCTGTATGTGCGGATATAAGTATTTCTGTCTTCACACAGCTAAAGAGTCCAATTACTTTCGGACATCACGATTGGGACTGCCAGCAGCCGCCTCTTTCAATATCAGCCTTCCAAGCGCTTGGATGCTTGACGATGCGCACGATCTAGTACCAAATTGCTTTCAAGGTACCACACCGAATATGTGCACACCCTGGACCATTGCGTGCAGAGGTCCTCAAAACGGGTAGAAGCACCCGTGCTTAAGCACCTACTGAGGGAAACCATCTCAGCCGTCTGTCAGGATCCGAATGCACAAATTAATAGAACCACGAGGGAGAGTTCTAGCCCAAGCAGACTTTCCGGTCTGGGACAACCTTCAGCCTGGATTCCTCTATAGCCACTACCCGAACGTCTTGCTCTTTAAAAAGAGGGGGACGGTACGGAGTCAATACCGTACCAGGTCAGCGGTGACACCAACGTTTCTACGCGGAAAGGCCCCAAAAAGATGTAAATAAGGGCAAACGATTCGTAGGAAACTCAAAGCCGTCGGATCGAGCATCTCCTCAAACG,TTGCTCGTGAAGCGCAAAATTCTGATGTACATAAAATTTGCACTCGACGCCTAGCAGCAAAAAGAGTACCCACTAAGATGAAGCCGCTAGATCTTAAGTTGGTATGCTAGTCTAGTAAGTAACCATTATCCTAGCAGGAGTGGCAGAAGATTAGCCGTTAATTTCGTATACTCAGTTTATTAGCTGTTATCTTCATGACGTAGAGTGGCACGGTAGTCTAGTTTGTCAACTTCACGCCTCACCTTTCAGTGTGACCACCTCTCACAGGCAATAACCGGTCTATAGTTATTTGCTGGTCGATTGAATACTAATATACTTGTCATGGTGTCATGACATAATAGATGGACTGTCCAGATTCAGGAGGCGCCGCAGAATGGGGGGAACCTGCGTTGCGCATGGCTCGATCGAGGATGCCGCTCACAGTATTTACATGAATAGTAGCTAAACCAAAACTTCGCAGATCATAACGCCTGTCATACAGTAGAGACTGTAGCTTTACCGTTAATAGGCTCAGATGGCCGTCGCTTAGGTGGTGGCTATCCGCGTTTGCTGGCCACTTTCTCATAAAAAAGTTCTTCTCAAATATTCAACGTACAGTCTGAAGAGTATGAAACCACGAGGGCAACGACGAATCCCTAAGTCACGAATCTTCGCTAAGCCAGGAACCGGGGGGTCACCAAGGCTCTTTTCGAGCCGCGGAAGATGTCAACACACTTTTCAGAACGTAAACAGTCGCGTTGGCGTAGCGCATGGTCAATATGTTTAGCACGAACCTGCTATAGAGAAGCGACAGTCCCTACAATCTATTTCTCTTGCACGTAAGATTATGTAAAATTGTCTAGCGATGGCAAGTAGTCAGACCGATACAGTAGGAAGCGTTATATTAACCTTTGGAGCTTGTTCTTTATCCTGAATGCCTGTCTCTCAGTGAAGCGGGCGGGGACGGCCAGCCCGTGATAAAGTAAAAAAAGCTTATGAGAGAGTAAGATGAACCGTCAGC,TCCCTTATTATGCTTTAACCACTTCCGACTCCACTCTCCGTATATCCAACATTGGGTGAAAAAGTAGGAAATTCACACGTGACCCTGTGTGATTAAACACCCTGCGGGACTATGCCAGCTATAACTTCTGTCCCCTACGAGTGGGTGGGTGGCCGAGAGTTGTCCAGTATGATCGTCGAGACAAAAGCGCAGTGACGTGTCGTGACAAACCCAGAGCAACTCAAGTTCCTGCAGGGGTGATGCCGCATAAATCGTTCCTGCACACTTAGACGGGAGGCCGCTCTCATTTCGATGGGACGGCACAATTAGGAGCTAAAACGTTCGCGAGATTTTTCGCGTATGTGGTCGACGTTCTGGTAGTAAAATCGGTGGGGTTATACAGAGTACATGAGTCCTACACCCCCCGTTCCTCCGATGCAATTCTGACTTTGTAGCCCACAAATTTTGGAGGTCGCCTGCACATCACATGCTTCTTGGCCATGTTACATAACTGGTCAACCCACAAATCGTACAGGGGACAAGGCGCTAGGTGAAGTAAGACAATTTTACCGCGATAAGTTTAAACTGGGCTACTCCACTGTACCAGTGCGGAGTAACATTGACCTAGATAGTACCTTACGCTAAGCCTTTGTCCAGGGCAATACGCAATGATGGGTGACGCCACAATTCACTTGGTGTGGGGCTACCGCGCCTCCGGGGTAACGTATACCTTAAAGCCGCTCGGTTGAGATTACGGATCTTAGTCCTGTACCGGAATTTACTACCCACGGACGAACCAAACACTATCAGTGAATCTTGACATCGCTGATGATTTTGCAGAAAGTCCACAGAGTGTGGACCTTGAACCAGCAACTGATGATTGCTTCACTGAGTCATATAATCTAAGTGCACCTGGAGATAAGCACCCGTCGTTTTCCTCCAACCAGCTAAGTACAGACCTGTGCATGTATCTGTGTGCTATCCACAATAGCTCACCAGCCTTGGTACCACAACCAAAATC,GTAGGCCAAGTCACCGTGTTAAAAAAGTGTCATTAACGTCTATTGAGTGCAGACATGAACCTTTAAGCTCCTTGTTCTGCCATGAATAGCTAATACAGCGTTCTAGCTCAATTGGATCCTGGCGATTTGTCATCAAACGAACTTTTCGTGCTTACGTCGTGTTCTCTTGATTTAGTTTCTGCTGTCCGGTAATGTAAGTGATAGCTAGTGGACTTGCAGAGACTCGCATTGGCGACCTTCATCAACGCGAGCTGGACTTTACTTTCGAATATGCCCTCGGGTGATCTTTACACCGCTGGTATCATGGTTTGTTATCTAGGCGCGGGTCTCTACTAGTTCCCGGAACCGATTATTAGGCGGCAGTTTATAGATAATCAGGCTAGGCGCCTGTTATGACATAAGAATGATATGTTATGCATCTCTCTCTAGAGAGCGATCTACGACTTGACGGATTAATAAACGGCTTGAAAGAGGGACTGGACGCGGCGCAGAAAACTACTTAAAGGTTAAAGACATAAATTCGGTCGTTTGCTTATCTCATTGGGGTGCGTACGGTATGGGTCAGTCCTGAACGCTACCCGGCATCGACCTTAGCGAATACCCCGGGTCGAACCACGTATCGGTGCACCCCCGCAATGGATTTGGCTAGCATAACAATGTTAAAAGGGCATTACGGGTAAATTCTCGCTCAGATCCGGTTCAGCGATGGGTTGCGAATTCAAGAGTCCAATTATTGTGTCGAGTACTAAGATAGTAATCTCTCATAGCCACTGTGATGGGCGCAACAAGGAGTGCTCTCCCAGCGGTGCCTTCTGCGTTGGCATATACTAGGGTGACAAGGAAGCCCGTTAACACTTGAAAGTACGCCTAACGTGCGGCTAAGCGAGTACCCCCGCGCAGACAGGTTGACACTCTTAAGGCGCCCTGCGCCTGAAGCTCTAACAGCAACGTCTCGCGGAGGTCTCGCCCCGGGTTGCATACAGTGAACGCTCCAGGCAAT,GAGAAGCATATTATTTCTCATCCTGTAGCTAGTCATCTTGCAATCTACAATTCACTTCGATACAGCTTCGTGGGGCCTCTATGATTTCCTAATTGGACCTTAAGAATCTCGAGACTGCATAGGTTGCTCATACATCTCACATCCCCAGCCAAATATAGATCCAGGTTCAAAGACGGTTGATAGCCCGCGCAGTGCTACTGTGGGCGGCAAGACCCCCACCGCATAGCGCGCGAGCAGGACTGAACTACTCTTGATGTTCATACCCTCGGACCGTGACCGGACTTACCAAACTATTGAGGGATGTGAAGGGTGCTCTTCAGGCGGTGGGAACTCACATCGCAAACCCCCGCGGATTGGCGTTACAAAAACAGCACAAGGTAGGATTCTTGAAGCCACCTCTCTGCGAGAAGGCGGTTGCATTACAGATTAGTCGAGGCCAGTTAAACTGCGGCACTTAGCTGACTCTCGCGGTACCAGCAGGACTAACGGGGCCCATATAACGTCGTGGGAGAGCTTTCCATATCTCTATTTCCCTCTCCAGACCCCAGTAACAATTTAGCCTCTGTCAGTACCGGCCTCATTCTCCCAGAAAGCAAGTTCTCCGAAGGCGAACGCCTGGGACAATCTCCCCCAGTAAGTGCTACGGTTTCAGGCGCGACCTTAAACGGACTGTGTTGCTAAACGTGCTCGAGGGAACAACCATTCGATTAGTAGCATAGCCGAGGGCTATATATCCGAAAATGTATTTAGCGGTGCCCATTGCTTTTGTGAGCATAATTGGCAAAGTGAATAACCCGGGATGCCAATAATCTTGAAGTCCCACTTTGAAACTTACGTAGGTGACCGCGTCCCTGGAATCTGTTCAGGGACGGGTCCCAATAAGTTGTAAATCCGGAAGGATAGGAGCGTAAGCAAGATCCCAGGAGGGGGGCTAGACAAAGTCTTAGTACAGGCTCGTCGCCATTTCTAGTAGCGCCCGACGAAATCGGGTCTAACCTCT,GTTCGCTACAGGTTCGGGCGCAATAACAGGTCAAAACAGTTGTGCCAATTTGAAAACCAACGGATCTATGTGGTGGCAAAAGCTACCCGGCTCCTGCCTGCTATAAGTGGGCAGTGCAAGCCAGGAGTTATGTTCTCCGTAGATATTTGCCGCAGTAAGCTCTGTTAAATAAAATTCTGACGCAATGACACTATCATGCTGGGCCATCTAGAAGCAGACAAAATAGAGTCCAAGCATTAATGCAGCGAATATCATGTTAGGGTCCAAAGGACATATAAAACGGTGGGATTACCGAGATACCAACCTATCAAACTCGATGTTTAGGTGTGAACAATAACAGATCTGATTCGGACGGCTAGTATAGCAGGGCAGTAACGTACACCGACGGGGTGGCCTCTGTGGCCACAAAGAAGACTGACATACTGATCTCACCGGTAGCGAATAAGTAACCTACGACTAGGGCTCAGTGTATATTGTTGGCGCTAACAGACGGGCTAGGATGGTCGTTGGATATAGTGCTGGGATTGAAGTGCAAGGCGTAACCGTGAAAGTGAATAAGTCTGCGGCTTCGACTAAGCCTTGATAGGCTGAAGCACGCAGTCGAAATACTCCAGTCCCTATCCATAAGAACAAAGGCGTGGTAGGAAGAGCTTCACCATTACTCAATCAATTACGGGGACGCATCTACACAGGCGTCCAAGCAGGATACCTGTCCTAAGCATACTGTGGATTGCCTGAATTGGTGGGGGATGATCCTGCCTTCATAATACGACATACCAATCCCGGGTCTTCTAACTGGATATTACGACTTGCTTGAGGAGCTCGAGGCTGCTTAGAGCCCACGCATGCTAAGGCCGCCCACAAATCGGAGAGCGCGGGGATCTATTCCTGACCGTTATAAGGAGCCATCTGAATATTCCCCTTCCCTCAACACACAGGAACGCATTTGGAGCGGGTTCTGGTATACTTGGCTCTGGGCCCTCTAAAGCCGAAAAGGTTG,GGGCGGGTAGAATAGATGGCGACCTTGGCCATACAGCGGTGCAAGCGCGCAAGGGTGTTTGGGGCAATGGTTACGAGCGGGTCACCAATGCGATACTTGCAAGGGCCGGGGGGGAGGGCCTGCGCAGGCCGCGACAAGACCGCCTCGCGAATTAGGGGGGGGTGTACAGTCTTAGAGCATCCCGTCCCCAAGCTCCAAGTACAAAGTCCCGTGTAGAAGGCGCGCAAGACCTCTAGCGGTTGGTCCGAGGCGAAGTAGCGACTGACGCGCCCTTAAGTGCGGGATGTATTACCGTATTTGACATTACTTGCAGTCATTGGGGGAGTGCCAACAATGACGCACCTCTTGGGACATGAGGTTACATTCGAGTAGGCCAGGAGAAGCAACTCTAGGGGAGGGGGGGGCGTTTGTGTTCATTCTGCTTCGGCAAAATGAAAACGTGGACTTATGATTACCTGCGTCCCCAATCACTTCATAAGTCCCACGAATGATTATAAAAAGTTCGCTGGCGCACTACGGGCAGGGTCTCAACACGTAAACGCATGGCTCTGTTTAGAGAAACCGTAGATGGGCTCAGTGGTTGTTCTTGAGGACATGATCGAAGATGTCAGTCGCCACAAACGAAATAAAGTCCAAACCAATCCCTTGTGTAATAAGTCACAATCGAGCGGTAGATAAATAACGTACGTAGGCACTGCCATATCCATCGGGCAACACTGAACATAACGCTGATAAGGCACTGTGGCATTTTTTGATGTAGCGACATTCCCAACAGTGACAAGAACGGTGCAACATTCTTCTGTCACCCTACTCGATCCGACGTAAGCCGCCGCCCCCGGTCTCGCGCCATATTGAACCGGTCGCACATACATTGACGTCCGTCTAACTTAAGCACGCGGACGAACCAGTTATGAGCAGACTCCAAATTCGAACCCTCCTTTGAAGTGGCAGATAGACTCATAAGTCAGTTATGCGACGCCCAAGTGGAACCATTCACGCG,AGTAAGTAATGCGCGTGGATTTTTACTCGGCACGGGTACCGTTAGTCAGACAGGACTACGTACCTCCATACCGTTCGAAGAGCGGTTTCAGAGCGGCTGCGACGTACCTCGCCTGCCCAATTGCCGCCAAAAAAACCATGCGACAAGCCGAGTCGTCGTGAATAAAGTACGTCGTTTATCTGTTCGCCGTTTATCTCCGCGTGTAGGAAGTTCGCTGACCCCTTCCTTCCTAGCCCAATAGCGGCAGCCTGTAGAGGCTAAACTCTAAGCACTCGCAGTACTGACCGAATTAAAGGTTCGGGCCCGGGACAGGACCGTAGTTGCTCAGTTGCCCAGCATGACACAAGACACTAACCTGTGTTCGATTTCACTAGTTGACGGACTTTCACATGTCGCACTAATTGCAAGCTCTTGGCACTTCTTGGAAAGAAACTAAGTCGAGTGGAGATTATCAAATTCGTCGTAGATGCACACCGAGGGTAAGAGGACTGTTCATCGCCCGATGGGGGGACGATTACGCATGGATATTGGGGCTTCCAGCAGCGAGCTCTGCGGGGTTCCGATTCATCCATGCTACCCAACAACATGGTTCGGAGTGTCGGGCGGAAAGAGATGATTGTTTACCTTACGCACCCGGTGACCATCCATGTTTTCCTGCATTCTTGGCGAGACTGTCTCGGAGTAAATGTCCTAAGTCTTGTGATGATTGGGGCCCATTTAGACTCCTATGATTTAGACCTGGTCACTTGACCTATTCAAAATCCCCGAAAGGGTCATTTTTTTGATAAGGCAAAATACGACGTTTTATTTGAATAGAGCCGCAGCGTGCCAGACCAAATTATACCAATAAGCCCTTCCGGAAACATCCTTGAAGCGTCAAGGCCAAGGCGGGAAGTAGATGGCTCTACCGGACTATCAGGGACCCCTGTAGTGAGGTCTACTCGATCATGACGCCCCGACCTTCACCTATCCAGCATGTGAACTGCGTCATGATCAATAT,GTCGACTCAAAGGCCCAAGGTAGTGACATCAACTAGAATCTTAAGGGAAAAACCGTCGGTTCCTTGCGAGCTGGAAAGGCGTGGTATCAAGCCTATTTGATTTAAACGGCATTTGACACAGCCTCTATGTCGCTGTAACATACAGCAGGATTTATGTTCGAGTAGGTCGCCAACTTATGCACACGGCCTCTTCACGCGGCGTTTTCAGGCCCCACCCCACCACCTCCCCGATTAGGGAAGAACGCCCGGGGTGCCCTTCATTACAGGGCATTTAAATGCCTAGGGCCATATATAGGTGAATGAGATTGTACAAAGTTCTAGCTGCTGTTGGATGGAAGTTCCTTCACATAGCGACTATCCTCACCCCGCTATCCGTTGTACGTGTTCACCAGGCAGAGGCGCAGGTGTTCCTAAAAAATTAATGAATCGCCCCTTTTCGGTGCAACACTGCAACGGAATTAAAAGCGAAGGTAGCAAATGATTAGATGAGAAATAGCAAGCGTACAGGACCCACTCTCATAGCCATCAGGTTGTCGCTAACCAAAGACGAGATCTTTTGCACCATGCCTGTGAGACGTGCTATGAGCATGATAGGGACGGGTGTGAAAGTGACTTCCCCTGCTAAGAGACGCCTACTCGTTGTTGTATTGACGTGTAAGTTGGAGCCTATTCCTTTATAATATTAATTAAGCGACTAGCACTTCAGGGAGATACGTGGCCGCATTTAACTGTATCACATTTCGGATTGTGAAGCTCACGGGATATACCTCAGGCAGACCGTTTGGCGTAGAATCGAGGTCCTATTGTCTGCTGAGTGGACGACCTGTCAGAGGCCCAGACGATCCTAAGTCGTGGGCAGTGCTAGTTATACCGGTATACTCCCAGCGTGACGCATCCCAGAAGACCCAGCAGAACAACGACTATATGTCCAGAAAATATAACAATTACATTGGGCGTAGGGAGAGTGTCGCCACTACAATTTTAATTATGATGCGCCTAC,CGAATTTACCTCAGACACAGAGCCGATACTCGTCTTGCCAGGAGAGAAAGCTTCGATATTCGTGTTAAGCTTGGGTGGCCCAAGTGGAGTGCTTTTTGAGTGAAGAGCCGGGTCGGCGCAAGTCCGATAGGACTAACTCGCCTGCTCCCGTGCATATGATAGCGGCTCCGTGGCATTCCGGACACTACAAGATCTAGTATATCCTTCTTTCCTGTGCCCAAGTCTCAGATGGGTGCTCAACTCCGGCAGTTATTACTCGTACCATTATCTTTAACTACAGCTTCCGGCCTAGCACGCACAGATCACATCACGTGTAAGCGCATCCCTCGCGTAGGTAAAAGCGCGGTAGTAGGAATCAGCCGCATAAGATGGGTCAGGTGGATCGAACGGACCGGTAAAGCGGTTCTAGCGTACAGCGACCAGACTTTTTAGCACCTACTCCCCTCAGCTAGCGCATGCGGTCCTCGATTCCAAAATCTTACTGGGTGCATATCCGGCCAGCATGACTCTCCTCGCCGTCTCCATGCTTGTTTATGTGATGTGCGATTAAGCCATGCTCGTTACGTTGTGTTTGAATACTTGCTGCGGGATGGCTCACGTTGACGGAGGGGGTCGAAGATGCCATTTGCGCCATAATGTTGGATTAGCTGTACCGTTGTAACGTAAGGCTGAACACTCAGTCGCTGGTGGAAAAAAAGAAAAAGCATACTTTTAGTCACCTGTCAGGCCAACTTGCATTGCGTTGTGAAGCCCTTTAACTATGCATCTATTACTTGTGCTACTAGCGGGTTAACCATGTGTATTTGACCAACGTTCCGTTCCCTTAGAAGTCTACGTCTCGAATATCGTGTAGCGTCAAGCGGTACTCCTCCGTGACGCGGGCTAAATACCGAGCTAGTCTCGATCTACTTTTGAGGACAAAATCCCCGTAGACCTAGCGTCTTGAGACCAGACGTGGGCCGGAATCCTGGTACGAGGGTGCTATCCTAGTAACACAAAA,CAAATTCCTTGTAGACGCCACGTCCGAAACTATTCTACACAACACATGTGTGGCATGAGAAGATGGGCTGGGGTCGTTCTCTGATGGCAATTCTTATTTAGCTACCTACAATTGGCGAACACCTGTTATGCGTCTCCGGAAAAAGTCCGACGATATAGGACTCGTTTGTTAACTGGTCGTGTTATCACGCAGCGTCTGTCCTTCGCGGTGACACCCAGAGGGGGTGTATCCCACAGACTCACTGTCAATTCGCGGGTGTAGGAGACGGACTCTAAGCTGAACAACTCCCCAGGGCTCTGGATTAGCGACCTGCTCCTACCATTTATCTTCCCGGCGTCGCACGGAACTCGGCAGGGCTACGGTTCAGAGTGGGAGGTCGGTAGATCCAGGGGACTAGGCCGTGCTTTGCCGCTTTAACGTGCGGCGGGGATATAGCCGTTGTCAAGGCTCCGTAATCCCACCTGACTGCCAAGCTTCCCCTAAGCTGTCTAGGTATTGGTTCTCTTCTCAAGACCCTTTTAGGCAGACCGCGTTATTAATGGTTATACAAGCATCGCGACGTTTTCCGGTGCTAAGCACTAGCTGGTTAATCCAAAGATCACATGTAAGAATGCGACGGGAAATCCATCCATTTATATGAACATGTCGGGATCAACAGGATATGAAGCTTATCAAGTGTAGCACAGACACGTCCATCTATGGGTGGGCTGGTAATGAGGCTGGACTGTCCGTGTAAACTATGACAAGTAACGGGGCACGTTTCACTCATCAACGGCTTCAAAATATGCGGCGTTAAACAAGTCGACTTAGGTTTAAGCCAAAGTTGGGACGTAGTGAACACAGTAACGCAGGATTCCCAAGGTCATGGTGAGGCCGGGAGGGCATAGCCAGGGCACTTCATGAATCAAATTCTTGCCCACCCCCACCTCCTGTAGGTGATTCTGGTGCCTTATATGTTATTCTCTAGTGTACAGTGGCGGGTATGGAGGATGGGGCCTGG,TCGACAGGTTATCTTAGAGTGTGTTTGCTAACTGCAGATAAACACTGTCGTTCATCCCCCAAGCGCCACGCAACCGGTAACACTCAAACTTACGGAATAGGTTGATAGCATGCAATCTTCATGCATTGCCCTTGCCGGTCGTTCGTCTCAACCACTGTTTCGTTAAAAGGGGTCTCGATAGGGGCGTTCATCCTGCATTTTGCCATAATTGGCTTGAACCAATTGAATTAACTATGACGTAGAGCAGTATACTACTAACCTGGGTTGGATACAAGTCGGACTGTTCATGAGAGAGGCTCAACTCCACACAGGAGCGAAAGATATCGTGGGAGGATTCATCGTGTTTCAGACATCCGCTTCAGTAGAGCAGTTCCGGTGGCAATACAACCCGTGGTAATACTAAGCTTAGTCGGCAGGTGAAGCTCATCGTAGGACAGTCTATAACGGTCGGCGGCCTGGGGGTTAATTGAATTGTTCGTTACTCCCGGCGATACGAGATTGGTTAGATTATCATAAACACCGTTGTAGTGACAAATCAGGCCTGTTCGACTGTGCGATGTTTTCGTTGATTTCCTCACCTCTCAGGCAAGAATAGTTGGCTCCATGGTCATCAGCAAGGGTCGGGGAACCCCTTTTTCACTATTCCAGCAGACAGCTACTGATCCCGCGAAGGATCAGGGATAGTGTTATCTTCAGGCTCCCCAATGTGGTTACTTGATCCTCCCCAGAATTACCAGCCGCGCTGTTTTTGTGAATGTCAAGCAGAGGTGATCTGGATCAATTGAGTTCAGTCTAGTAGACCGCTACTCTGGATCTCGACAGCTGCGCTAGGACTCCTGCCTATCCCCCACTGGAATACACCCAAGCTCGATAGATGGTTTTTTGGTCGTACTGCCCGGACATCAACTGTGAGATTGGGAGAATAATGGTGGTCTCGTCGGGTAAGGGTTCCGAATTGTGACTACTGGCGCACGAACATCGTATTCACTGAGAGCCAGTT,GTTCCAAGGACGTGCTTCCCGGATGCCTATGATGCCCCAACCACTTTCACATGTAAATAGTTCCTTCTGAGGCACGGGGCTGTATACCGTGACACCCCCACTCCCATGCAAACCACTTGATCCTGACGCGGTGTACATATTGCAGACCACGGTCAAAATGCCAAAAACTACTTTGGAGCCTAGCCACCTAGGATCCCAAGTGTCAGCGGTCAAATTGTACGATGGGTTAGGCGCTTATCGAACCATGATGGTCCGAGCTGGAAGGGCCAATAATCGTTTGACGCACCGTTTCACGCCCACACAGTGTTAAAGCAACTTATTTATACAAACTAGCGTTGCAAAGTTCTGTGTTTCTACATAATGATCGATTATTCTCTCTCGGTGGCAGTACATGACGGGAAAGTGTTCACTTGTGGAACCACCCTGAGGACCTGCTGCATTGTACGGAACGCCCGAACGTCTGCCAGATCTCCCCCTGTTTGCCGCGATTGTGGTAGTACCACATGTACGAGAGAGTTTGAGCTTCATTTTAAGACAGGTACTTAGAAAAGCGCAACGATTCTTGTCGCGGCCCTGGTTCACAGCCAGGGTTGGTTTCCGATTCAGTTAATTGCAGTTCCTTTATCTTCTGGTCTTTTTCATTCGACATCTATTTATACGGCAGAGGGCCTTCAAACAGGACAATCTTTGACCAAAGTTTTACGTGTCTCGCAATGGATTGCAGTGCAACACCGGTTAGCGAGCCGACAATTACTCGGATACATCGTCCATCAATGTGGTTTCAACGGCTCTACCCTCGATGATCCTGTCTCGGTGAATATCGCATGGATAACAGCTAGGACTTAAATGGTGTTCGTTTAAACTATGATGCAAACGCACAGATTCGTCCTCATTCGTCTTTCCGGTAGGCTACGAGGGTAGGCAGCAAAGAAACTACTCTACCCGTTGTTTAACTGCCACCCGGTTATTTATGGACCGTCTTTGCTGCTATAGAAGGGAC,ATGGTGAGTGCCCTAGCCGGTCTTCGTTTGATGCCGCCATACGAGATTTTGGGGATGGAGCACTGTAGAAACTATTGGCTAGCTGCTTCGCGTAATTCCCGTTCGCGTAGGGATGCTCGATTCCTATGAATCTGCGTGTTGTACCATGACGAATTGGAGGGGTTATTGTTTTCATTACTCATTTCCCTGATCAGATAACTACCGACGCGTCATCCACAGCTTCCGATAGGGATGTTACGTACAATTGACTGATCACGGCTCAAATGTTGTATGGTGGTACGGGCTATAATGGCCAACCCTCCCGAGTGAACTGTACCCCTGATGAATATCCTTGTTGTTCCAAGGTGGGCCAATTTCTACATCGAGGCTTAGTATTGGTGCGCGAAATGTTGGGCGGTTCAGCTATAGACGCACCTCCCGATGGCTCCCAATCTTTAACGTGCAGCGGAGCAGAAAACAGTGTATCATGTGGGACCCTCTAGATTTGCAGCAGGCCCATTGGGTGAGCATAGCTGCCATTGGTTTTGACTGTGCGCGCTGTCTGAAGCACCAGTATCGGAATCACCAGACCTAGCATTTACGCGAGGTGCTGTAGTCCCTTAAAACTCGAACAATAAGGTGTAGCTGGTTTGGACGGTCCATCTCGATAGACGGGTTGGGTGCTGGGTGAAGTTTTCGCCTGTCAACAGCGTATGTCGTGCGAATCCAGGATTACATGACCGAGGGAGCCGTTTCGAACATAGCCCCAACAATACAAATATAAGACCTACATACTCAGGCTCACCGATAGTTATGCATGTTTGTACAATATTAGTAGGGTCTCGACAACATGCCTTGCCACGTTCGCCCCCGCACGCCATTATATCTGTAACCTGCGTTTAAGTAACGCCTTAACGGACCATCTATTGTTATAGCACCGTTATGTAGGAGGAGAAGTACAACCTCGGCAGGACATAGGTTAACCCGTTGCTCAAGGATTAGACCCTAATGTTAACGTTAG,GATAGGAAAACGTCGCTCCGGTAGGCGCAATAACCACATGTTTTAATCACTTGAGTGATGGTGAGTTACACCCCCTACGCGTGGCGCAGCTCGGGAGGATACGCAGCGGCTCGGAGTAATTAGACATCAGGTGTCCATAATGTAGCATCGCTTCTCCGATATGCAGAAAGCGCTCGGAGAGCACCGCAGGCGGCCCAGGCTGGCCTTTTACAACCGTCGCACCCATCTGCGGTTTCAATGGCACGCAGCGTGCGGGGCCTGTCTAGACAGGCTAAAGCACGACCTCCCGGTCGGGGCCTTTATCTCGCTTAATTACCGTACTAGATCCAGTCCAACGGCAGTCTATGATCGCCAACTCCTAACTCAGGTTCCTTGTGGACCCTGAAGGGAGTAGGAGGTTCTCTGCGTATCCGCAACACTCAGTAAGCTCTCGTCCTTGTCTGCGGTTCCCGTTTATTTAAGACCTTCCATAGTAACCAGTTCAATGTCGATGGCGACGCTAATTATATACCAGGCGTCGAGTTGCCTTGCATCGCGGTTGCGACGCAGTTACTAGGCAGAGGACGTGCTTGGCGCTTTTTTGACCACGGCTTACTTCAAAGCGTTTTTTATTAACGGCGGCAACGGACGGACCATTTTAGGAGCAGCTGTGGAAGCGTCGGCCGCGCTCAGCACCTTCTATTGCACACTTTGGGTAATTGAAGGAGCTTTGTCGGCCTATCGTCGGCGCCTGGAGTCACTGGCAACTACCTCTACCTAATGCAAGTGGTGATGTCGGGACAGGGGCACAATTGCTGACTTTGTCTGCCCTTTTCCATGCATGGGAAGTGGTCACCGAGGTCTTTATCCCCAGACAGTTCGCCGCCTCGCAGGTGATCGCCACACAGCCTGACGAGTCTAGGGAGCCTTGTACAATGGTCCCAAGACGTACCGTTGATCTCGGTTCGGGTTACACGTGGGTATCACTTTAATTAAACGGGTGCCCACACCCTGTGCGCTG,ATGCTGCATGCTAGACGCGTTGGAGGCCATCACTCGAAGTTTCACACGTCGATACCGCGTAGACCGCGACTATTTGCCTAATCTATTTAAAGATGTTGTGCTTAGACTAAGAGCTACAGGGTTCTGCCCTGCTGCCTTTAAATCCCGGGGACCACTCGAGTGTTTCTCGAACCCGAAGTCCCCATGCTGTTAAACGACGCCGTTTGCGTCTTCTCTGCGCACTGCCTTCGCGTGCTCCTATGGTATATGAAGGCGTGGCTGGTTAACTGCCGGGCTCCGTTAGCTTTTAGTGCTATACGACTGGTTATCACAGACTAACATCAGACCCGCTTAGGGTTGCGGGATGGCCATCCAGCACCTGTTACCAGACCCATTGTTTGAGAGTTCCATTCGCACCCGCGGTGTATATGTGTTCTACTTTGAGAGCCATCAATTCGTCGCCAAGCAAAGCCCGCGGCTCGGTTTTTTTCTTCGACTGTCATGCTCTGCGTAGTTCAAAAGAGCCTTTTCGTGTAGTAGCCGATCGACCAGAGTCGCAGATCATGATAGTCCCGGCCGGTGGCGCCGCCAGCTACCAGGTCGGGAGGAGCGGGTACTCACTGAGCCGATCCGCGCTAAAGATCCTACCATCTACAGTGCCAACTTACCCGGTGACCATAGGAAGCTAGGATCGTGCCGCTCAACTCTGCAGGGCTGATGGATCGCACTGGAGTAATTAACATTCAGATCTCAAGGGTATAGGTTAGTACTTCCACAGCATGCGTACTAATCCAGTTAAGTTGTCTAATTATGTTATCCTTGTGGGAACTCAAATTGGACGTGCTTGGCGTTCATCTGTCCTGCATTTATCTTCATAGTTTCACCGTAACGAGAACCTCGTAGACATGGCTGAAGATCATTTCAGACTTCGGGGGTGCCGAACGCCCGTATGATGGTCCGAGGACGGAAGTCGGACCCCTATCAACAATGCGGGTTTAGGCCGGATCCCTGTAGGGGAAGA,GAGAACCCGTCCAGCGTCGATTCAATAGCATCTCCGCACCTTTTCGCTCTACGTACGACTCCCAGATTTTGCCCAGCGAGTGTAGATAAGACCGTCCTGCCCGCTGCATGAGAATGACTTGGACCACCGCGAGTACCTCGCAAAATTCCAGTAATTATGGCGTCGTGACTCGTACTTTTGGTCCGTGGATCATGGTCTCTCGCGTAACAAAACCTAGGCTGAGTGGTGACAAAACAGCTCAACAACGACACATTTCCTCAAACTATAACGATTTATTGCTCTGCTGGTGAATAGTCATTTGCCCTGCAAACGGCCACTGGTTTGGCCTAGGCCTCAAGTCTTAAGTCACTGTTGCGCAAGTTCACGTCCTTACCTTTTATGTACATACCCAGTAAAGGATGTGCTATTTTCTCTGAAAGAACGTATTGCCCATTTAAGTGACTAAATCCGACCGACAGTCGGATTGGGAGAGTGGCTGAGCCACGATATCCTTCGATCGGATCCAACAGGCCAGCCGCCGCTGTATCGACAATTGCCCGAAGGCGCTCAGTGGACTACCACCAGGCCCTGTTTCAGAACACTCTCGAGGCCGCAAGACGCCCAATCACTGTCACTACTGACAGGTAGTGATGACATCTGTGAGTAACATGCACTCATACTAAAAAATGCATTGACCGAACCGGTGGCCTTCACATTTCATTCTTGACTGGTCACGCAGATCGTCGGTGCGGAGTTAGGGTGTCCGATTATGTGGTCTGTGTCAAATTGAATATGGTGCCTCATTCCGCTCAGGCTTGATCTCCTCCGGCTCCGACCTGCTATTTTAATAGCCCTTCCGCATGCCGCCTTGCGCGGTTGTCCTCCCGCCATGAGAAGACGGTGCCCGCTACCATCTCCGGTGGCACATAGATGGAGTCACGCTGGTATTATGTCCGTGGCCTTCCCTTGACCTAAGACGCTCTGAAAAAGTTCCACCTAGGGATCTATATAGCACTGCCTG,GTGGGATGAAGCTTGGAAATGGGATCACCGGGTGACGATAGAAACCCGTCGGAGTACGGCGCTAAACGATCGGGAGGCTAGCACCGGGCCAACCAGCGACGGTGAGGTAGGGGAATCAGTGGGGGGAAATCTTCTAAGGTCACAAGGAGCCACTGGATAGTACATATTGTTCCCTCCGCGCTACGGATCTTGAAATCGTTGCGCCCCGTTGATTAATATGATCAAACTCGAAGTGTAGGGCATCGGACGTTAGCACACTGTCTACAGAGGTTACCGCATCCGCGCAGCACTGTTGAACACCAAAGGAACGAAAACTACCACTTCCATTTCATGGAGAAACTCGCCTGGGACTCATCATCGGTTCCGCACCTGCATTATGTAACCGATCGTGAATCTTTGCGCCTCTGATAGCCCCGAGCAGAAACCTACCGTCCAGCACCCTGAACAATTAACTGACTCCCACCTCAAATTGAGTTTTGAGTGGGCACTCCGGAACCCCACCTGAATATGATCAACCTTTAGCTCGGCTCCATATTATTGACAATGCAAGGCGGCCAGGTTTCCAAGCGTAACGACAGGCTCTAAAATGCCGCGACCAAGGTGCCGAAGTAAAAAACAGTATGCCTACAGTGCAGATTCGTGCCGCTGTATAGGATCTCTTTGCTCCACATAGCAGCCACCATCACGATCCAAGGGTCCGGCCAATAATGCTCTGTCTTAAGGCTGCCGCTTACCTTCTATAATAGGTGACGGATAGTAGACTTCCGCGCGCACTGTGTCCTATATTTTCAATAGAGATTACCATTTCCAGCTAAGCCAACAGATGTGGGGAAACGCGCGTGGCAGGTCAGCGACGAGCTTGAACGGATTACTGGGGGACGCACACCCTGATGAGTTTCTATTCTTATCTTATAGGAAACGAGGGGGCTTTACATCCTCCACTAACATACACACCCAGTTGCGCGGCTAAATCCCCTCGAGGAGACGTTGGTTAGAAGCG,AACCTATGGTTCTTGCCTGGCATCCTAATCGGGTTACAGGTCCCAAATTCCATCACCACTAAACCCCTGTGTTCTAGACGATGTTTATAGTTCCATTGTGACAAGCAACTAGACCCTCACGTTAGTGCAGTCAGATAGACGGTATCTTGGGGGCCTCTTACACACCAGGTCGTAATTGACGTGGGGGATTTATCTTAATGCATCTGTGTTTCGGACACGACCGCTTTCTATTTTGCCTAGAGATCTGACTGGCCCTCCTTCGCCGAGGCAGCGGTCTGAGAATCTCTTCCCTTTGGGAAGATGTTCCCTGTACCCCAACGATGGGTTAGCGGGCTAGCCCCACACAGATCCCCACGCTGTAGTGCGATAGATGAGTCGCCCCAGCCCCACAGCAGCACGGTCGGTCACCCCCTACGGCAGTCTTGCCTGAGATGCAACCTTGGCAGACGTCAATGCATGGGTACTCAGCCTTGCCATGCCTGGACTTTCTGTTTCGCACCTAACAAATGTTCTGCGCTGTGCAGTTGCCTCCATCACGCGTTGCGATCCCTTCTCCCTACAACTAAATATCGCCACGTAAACATGAACTGGTCCTTCCCTGATGGATAAACCAATCAGCAACAACGTCGAAGCTTCCATCAGGGCAAAATTGACCTCTGACGAAGAAGCAATGCTACGTGGTCGGGAAAGGGACAGCCATCTTAACGGCTAGTGAATGCTGCTACTAAGTAATGTTGCTGTCACGGTCGTTTGTAACCTCCGATTGTCTGGTAAGACCTAAACGTGTCTGTCGCTACTAGAACCTGTATCGGGAACAAGGACCCAGCCAGTTGGTGCGTGATTGCGATCCCCTGACAAATCGGCTTTGGCTCTCGGTTTGATAGTGCTGACGTCGCCCTTATATGCCCATACCTTACAAATTACTGTGACTTTGGTGATTCGTTGCTCCGAGGATCTAGGTCACTCCGGAACTCTAAACAGGACGTTGCTCCACCCCAGA,21bcf3d0-4a44-46b7-ad17-2f3e08d7b88f,F,ATAGAAGAAGCCCTCTTATACTCATCAAATTTACAATTCACACCACATGGTCACTATGGCTGGTGCTTGACCGATTTCGGCCCGCTCGCAATAAGCGAGGATATGAGACAGTTGTTGATATTTTCTGGCGAAATCAACAATACAGTAACGAAACGTCAGACGTTTCATCACACGATCTAGCTATTAGTAAATCATCCCACAAGGACGCGGAGCAGATGTAGAAGCTCCTATGAACTTGCGGGTTCTACTCACCTGCCCAAAATTACGAGTACTGTATGCATCTCTATTCTAATCGCACCTGCAGACAAGCCTCACAATCCTGACCTTAGGAGTGAAAACCGTGGGAAGGACAACTTCTCGCAACCTGCGCTCTTGGAGACCGAGTACAACGTACTGGCTTTTGGCCAGAAGTCGACAGGTAGTATAAGTCCCAATAGGTTGCCGTAAAGCTCTCCTGATGGAAGGGGAGTGAAAGTGAGGGTCATAAAAGTGGCCAGTTTAACATGACAGACGTTGGACAATCCTGAAATGTTAGAATTAGTCAAGCGCTCGGCGATAGATGTTGCGTGGAGCCTTAAACGCCTCTCGGCAGATACTGGTAAATCGAAAAGGGCACATAGCTAGGCTATAGAATGTCGTTAGTTCGTAGTCCGCGGTCCACCCTAGCGGCCCAGGGTACTGCAATCCAACCTTTTAACTGAACGTGTTTCTGCCCAGCGCCTTTCTATCACGCTCTCCTATATCCACAGGTTCCGCCCGTACCGTAACGTCCAACCTAATTATGACTATAGGGGACATAGCACCGATTACTACAATAACCGTCCGATTTTCTATGCCACTCAATCTAGTCATCTACCCCACCGGCGTAGCGTTAAGCAAGCTGAGTCAGTCCGACGTGCAGAATGGCCGTACATATGTGTTCAGGGCGTCCACTTTCAGCCCTGGTCGTTTCGCATACGCAACCCGAATCTGACAACCAGTCGATGGGCGTGATTGTGCA,ACTGAAAATGTTGTAGTCCTAGTAGTCGTTGGAACATACCTTAATTATTCAACTGTTGTACACGTACGAAGATTCTGAGAATAAGTGTTACTAGACCAGTAGTGGTTAGCCGTTGCGCTATTCCAAACGCAAGCCGGTTGAATTTGTCACCATGTTTGTGCCACCCCGAATGGGAAAAGTGTGAGCAGACTAGTCGATGGCAAGGTTCTGACTCACCTCATCACACACGCGGGTCAACTCTAGCACGGTCTGGTTAAACATACAATTCGTCGGCTGACCAAAGTTACTCTCCTCGAGGGTGCAGCATTTTATGCAAGATGATTTTGCGGGGCCGGGCTGAGGACTAGCCACACAGCTACTAGCACCTACCCCCGTACCCCTTATTGTCTTGGCAGCACCCACCTCGAAAATATTCGTCAGGTCTGCGCTCAGTTTTCAGGTCGATCTCCCAGTTGAAATGCAGGCCCTATCCCATCCAATGTCCCCCGGGATCTCTGGTAAGGGACTATGGTACAAGTTTCCGCCGATGGCTGATACAACCACCTGTCCATATACCTGGATCTCTCCTTGCGTTATTGGGACTATATTCGTCGCATCCCGAGAGGTGCGTAGGTAATTGTGGGGGTCGATTAATGTTTCCCGTGCGAGGTTAGACGAATTCAAGCGTTTGGCGGCGTGGTCACCTTGTTTACGGCCAAATCCGCGAGGAACGCTCGCCCAGCTAAGATGTCCTGCTATGAAATAAAACAGCTCATCTTCAGATTCCGTCGGTCGTATCATAGATGCCCACACATGGCCCGTTGTTGTCAATGTGCTTCCCAGCAACTTCTACATAAATGCTCAATAGAACTATGTGTAGACAGGGCAGGAGATCAAGGGCAATGATCCAGCTCTTGTGAATGTCAAGCACATCCCCATACTGTATGGCTTGATCCAGGTATATTGGAGATCCCAGACGGTCCCCTGTCCCCTTTCGGAAACCCTGCGTAAGGTGGTCGTG,GCATGTGAAATTAAATTCTCAGTACGTAACACTTATTGGCTATACGGGCAAGACCTGGCACACCGGCCATGGGACCGTACGCACTCGGTCCCTTAGCCCAAGTTACCCGCACAGCTTTGAACATTAAATGCGAACCTATCAAAGATATCGAAACATGGTAGATTGTTACATTCGACATAAGAAGGAAAACGTAGATCAAGGCATGTATGTCTAACTCGGGTTTTCTATAACTGGACCCGGTAGTTCGGACTGAGTGTGAGTGATCACTTCCACCAAGTAAGTGATGTAATACGTTCCGGAGCCAGGCCAGATTCACGCCAGGGGATTTGTCTGCGACCAGATGGCTGTGACTGGTTCTTGATGGAATCGTTCACCAACAGGCCCCATCCCCCTATATAGAACAGTTTGAGCGTTCTTTGCCCGCATGGGAACTGTAGCCTGGCCAATATTAGTAATCCGAATCAGCTCGTAAAGAGTACTTCAGAAAAAGGCGGAACCTAACTCCCGATTGTTTTCTATCTTTAACCAGAACGATCATCAAATCTAGCGATCCTGTAACTAATAAACCGATGAGTATGCGCGCACGCTTTCTCTGATGGTTAGATCAAATCTTACCTAAAATCGGGTTCATATGTTGCGGCTAATACTCAGAGCGAGATTCAGTGTTGTTTTCCCTACGCCGCGGTGAAGGGACTGATAGGCTACGCGGTCCCACCAGTAACTGTGACTGGACGTCCGGCGGACCTTACAAAGGTAGGGTCACAACACATTGTGGAACTACATGATGTGTCCGAGGAGAAAAAATCGTTTACAAATTGGAAGCGATTCACTGCACGTGGGTCGAATCCGACCGCTTGGGCCTGATATGAGTGCGGCTGAATGTCAGAAAACGTCGACAGCTTGCTGGGGGGGAAGAAGTTGAGGTAGGCACCTCCAAAATTTGGGCAAGGAGTTTAATGGTATCGAGATTTTGCAAGGCGTTTTATTCTTGATCCCACGT,TGTATCTGGTGATTGTGGAATGAGCGGATAAAGCATGTTCGATCCAACGAATGTCGAGGTTTAGTAGTGTAAGTAGTATCAGACAGGGTGAAGTGTGCGTACCCCGGTTTTGAACAGATCTGGGGGTCTATAGAGATTTATGGTTTGAATGTATTCCAGCTCATACTGCCGTGTTACGCTACACAGTGATGCTACATTCCCAATCTTGAAACCAACGGTCCCTGCACACCTCCTCGGCGAGGTGCGGAGATTAAGGGGGGCAGGGTAACCACAGTGCATCTACGGCTCCGATAAGCTGCATCTCCCATTTTCCCAATCTGAGACCTTACTTTAGGAGGCTTACAACGGGATAGCTGACTTGGATGAACTCATTTATCTTCGGAGAGGTTTTTTATTTTGACGCTGTCGTGCGAACTCCCCCCTAGACGCGTGGGGCGAGTCGCCACTCATGGGCTTGGCTATTATAACCAGAGTGGCTTCTGGGTTAGGGCCCCATGGGCGCTTTATATCATTGGTTTAAGCGAATGCCGGGCCGAACTTGACTTGTAGTTCCAACCTTGTTAAACGTTTTAGTACCCGCTGCGCGTACCGATGTTGCCTCGAGCGGCATGGCAGTTCCCATGCGTGCAACGATACCGCAGTCGCCAGCAACAATTCGAACAAGTTGCAATGAGATGATCACAGTGCCCAGGCCCCCAGACAGGCCCCAAGAGATATTCAGGTGTATCTCCCCTACGGTCAACTACATATGGGGCCAAGCCTATGAGCTTCCATCGGCCTTGTAACAACAAGATTTGCGCTTATCAAGTAGTCGATCGTGTGCTTGCAAGCGAACCCTCGACGGCATTGACTCCAACGGATGAACACGTGGCTCGCGAGTATGGTGATTTCCGTAATTGCAGAATAGGTGGCTGGGCACAACTCAGCACTGCCACGCCGCGGTAAGCCCGTGTTTCCCAACCGCGCATCTTCTACGCAACTTGTGAACGTCGATCTTTAT,TCCTGGGTACGAGTATGTTTCAGAGCTTTAGACAGGCCGATGCGGGCTCATCGGGCAGCTTACCATAAGAGCTTCCCATAATAAACTGTCCGATGCTCTTAGTCTCGAGCGCGCGAGTTCAAACTATAGCACCAGGGCTAGAGTTTCGAAGCGATAGTGCCACCAATCAAGACGACGAAGAAGTTGCCCCGAGTTATTGTCATGCAAGTAAATAAGTAGGAGTCGTGAGTCTCAACTCATGCTCGCAGCCCGGGCATTTAAAAAGTATAAGGAGATGGATCAAGCTAATTCCTTGAAACGCGTTAGACACAGTGGTGCTACGCTTTGGGTCTCTCACGTCCTTCGTGGCGTGGCTCCAATCTCCACCGGCTAAGACAGGCCACGGGTTCCATAAAGGGTGCTATAGTGACTCTGGTACTAACTCGTGCGACGCGCCAAGCAATGCTATCAGGCTTTATCCACGGGGCACACGAAGCCGGTTGTCAACTCTAACTTGGAATTTGGGAGAAGCTGGTCACATGGAGCCCCACACTTGACGGACCATCTTTTCACGGGTGCTCGCCATACCTCTACAGTAAGCTTCACACGAATGCATTATTTACTGCTAATCAAAAATATTGCCGCCCCACCCGATCTTCTTACCTGGGTACTTCTATGAAAATGCAGGAACGGATGTATGTGGCAATTTCGCTAATCGGTTGCGCATTCTGATTGAGCATGGCCGACAACGCAATGACTTGGCGTAGGGAACGTCACAGCAGTCGGTTGCCTCGTCGGATAAGCCGACGCGGTATTACACTCCGGACGAGCATTCGGAGGGTGCTCATAGGTCCGCTCCTTAGCTGCTCGGACATTGCGAAAGTCAGGACTAAACTACATTTTATACGTAAGGAGTGTGACGACAGAAGGCGCCGGTACCCCGATCAAATACCTTATATGGAAGTACCCGCAAGGAGCATCTGGGAAGGGAGTCCCGCTCCAGATTGTTGGACAGAATCTC,TACGTTAGGAGTCAAGCAGTAAGTGTCTACAAACGGGCTCATTGAAGCTTCATACGTACTATTCACCGCTACAACGTCGAACCAGGCAGTCATGACATGCGGCTCGTGGTTTGTAGGAGCAGGGTGGCCAACCAAGTCGCAAACATCGACTCGGTGTCACTAAAACCGTTGAAACCATTCTAAGACGTGTATCACCCTGTCAACAATAACGTACCATGGGGGGCCGCCTAATAATTCGTATATACAGCCAGGATTTATACTTTCTACGTGTGTTCGGTGGCCTTATAGTGGCCTGTCAGGCAGCAGAGACCACGGGAGGATGTCGCTTGTCAGTCTTTGACCCTCTCATTTTTCGCTCTGTCCATCATTCTTCACGCTTGGACGCGCCTAAATGTGGTGAGCCTATGACGGGACGGATCAGACCTTCGTCAGAACTTATCCGTCGACCACTCATGTATCCTAGTGGTTAGGCACCATCAGTGTGCTTAGTACTCCTATTGATGCAATAATCTGACACTTCGCATGGGTAATAAAAACAACCGGTGTTGACCTTCCACATAATTGGTATTTTGAGCAACGCTTAAGAAGCTGCATTCGGGTCCGCCTTCCCAAGGCCATGGTTAGCGTACGTGACTCAGGAGTGGCTGTTGGGCAAATACAATCCCTATCTCGCTGTTTCAATTATGGACGCAGGGAGACCCGGGGCCTCAACGCGTGGGACCATATTGGTTGTTCTAGGGTAGAGCAGCTGATTATGTAACGACGCGCGCACATGTGGATTAGTCTCGATCTACTGTTCTGAGAAGGCACCCCGGCGCGGTTTTTGCCTCGTACTTAAGAGTAGCCAAGGGGTACGTGTGTATGGCATAGAGGGCATTAGTGTTCCAGATGATGTGGTAGGGTTGCGAACGCACTATCCTTTGTGGTCAGGCGTGTATCACCGTTAAACTATGAGCTAAGGAGACCGGGTAAGCACCATTGAAGGTTAACGGAGGGATTG,CTGGCCGTCCTCTTTTCATAAACTTTATGTTCCGTGCTTCGGCGCGTCCTTTCTGTTTACCGGTTAAGAGGCGCTTACCTTGTGGCGTACGTATTACTTTCACAGAGTTTAGGTTAGCTACACTCCTAATACAAATAGACGCTACGGACGGCGCACTTCTTGGCTGGTGCGCAAGCCAGTATGCAGCCACGAGGTACGATACCGTAACTTCATTTCAGGGATGTCGGTATCCTCCTCATTGCAGATTGAAAGGCTGCGTCAAGTCCTCCAAGAGATCCGGCAGATTGCCATACCAGATCTTCAAATGATATGAAGAACGATCATCTATTTCAAGCCAGTAACAAGGCACACTAAACTTTTGGTCCACTTCACATAAAGAACCACCTAGGATTGATGCCCAGCAGACATCATCATATACATGCTCGGCACGTTGCGGTCACCCCCAATCTGAGCGTGTGTGATACAAAGTGCTGAGGAACTCCGGCCCCGGAGAGAACTTATTCGAGCTCGGGGGTAAAGCGTCCCAGGAATTTCCGCATCTGAGACTCTGGTCTAATGCCGGAGAAAGCCTGAACAGAGCACGTACAGAATCTTAGCTAAGTTCCTAATCAGGCATGAACAGTCTACAGAACTACACTTCCGGCAAACGCGATTGTGATTCCTAGTCCGGTTTGTCATAAAAGTGGAGCAGCCATAGATGACGCTGCTTGCATTGGGTATCAAACGCACGTACCGACCTTCTTGATCGATACAACGGCATAAACTCGCTGACCGACGAATAGCTAACCAAAGGCAGGCAATTCCTTTCAGGGGAACACCTAGTTTATACGGAAACTCTAATTTAGCTCGGTTTTCCAGGCAGCAGGCGATGCTCACCACTTTAACGCTAGATCTACCCCTGTCGGGCTATTATGTAATACGAGTTAAGAGCGACGCGTGTCGCCTAAACGTACATATGCCCAGACTTTATAGTAATTGGCTCTAGCGTGCGGTACGAGGC,TAAGGAGCGGCACATTGCTATTACCGATTCTAGCTCTCCACGGATTGAATCAGGTGTGCTCCAGACATATCTTCTGCACTGCCACCACTATCCCTAGAGCGATAAGTTAGGGAAGTCTTAGCGCGAAATGGTTTCCTTCTATGCAACGACGGCGAATTAAAAGGCGGTTCAGGGTCCAGTATCAGTGGCGAATAGTGACACCCATACGCCTCGATGGGCGTAATTTCCACACAGCACGACCGTTAGACAGAAGATCCCTAGGCAGAAGTGCTATCATATGGGCATGACGGAATGTTCCCATCAAAAGAAGGACCTTCGACGGCGAGGAATCGAGTATAAATCCTGGCACTGGATCACTGAGGTTTCCATTCCCTGTGCGCGCATATGTACGTGCTGACCTCCCTTTTCCTATCCCTGTGAAAGCAGTTATCGTCCCAGGTCGGAAGCCAACGATCATCTGCTGCTGTCCTAACAGACCGGGCCACACGAGCTCCTAAGACCGGTCTCCTTTCACCTTTCAGTTGCTACTTAATAGTGCAGCGCCCTATGTCCGTATTCTAAAACAAGACAAAACCGGAACGGTACTAAGCGTTGAATGATATTAAGTGGAGGGGTAGCCTCTCGTTTTCGTTGCACTTTGATTCATGACCCGAGCGGTACCCTCGCTCGTCTCTGCGCGGGAAAATCAGTACAGGACTTGGCGAGCATGATAGGACTGAAAATGTGTCGTTGAAATAGGGCCGAATATTGTCAGAGTCGACGCGCAATACCCGCTCGAAACATGAATTTAGCCCGGGTGATGGCTTCACGCGACTGCTTCATAGTATTACGGAGAGCTCGCGTCGAACGTCGGTTGCGAGGCAAGCGCCTTCTTCGTCCACCGCCTAACTCCAATAACGCTGATAAACGGAGTTTATTTTTAATCCAGCGAAGCGACTATCGCTATCGTGGGCATTTGGCTGGCAAAGTCTTCGGAGTGCCCGTGAGTCTTGAATCTGTC,TATGTTCCTGATCGTGCTAACCTGCGCTAATCCAGAGACAGGTCGAAGATACTAGTTATAGACCATTGATGTTCTCTCAGGAGGTTAGGATATTCATGGCTTAGGTGGTCTCTGTTGACGTCGTTCTCGGCACCAGATGCGTGGTTGTCAGGTTGATAGAGGTTGACTTCCCATACCTAAAATATATAGCCTACTCACAGTACACCCGTTCAACAAACTCTATTTCACACCCCAAGGCCACCATCGTTCCTGTGCTCGATCTAAGCGGCACGAGAATCTTTTGCAACGTGGGAGGCGTCGCGCGAGCATTATACGCAAGAGCCAGGGTAGCACGGTTGTGCTGCAATTTTCTACTGGCAATTTAGTAGCCCTCGTAGTGCACTTCAAACTGGGTGCTTAACGTTCATGCGGTCTCCGCACGCGATCGATGGAGCATCGCGACACATGTTTGCGTCCATAACTTATCCCCCTCCATGCCTCTCACCGAAACGTGAGAGGCGGGGACCTCGCTAGAGCTCGACATTGAATCATTCTCTCGACATCGGTACGCCAGACCTCTTCAGGGTAGATGATATCTCCGTAAAGTAAGTGCCGTTTTAGCTTTGGAACAGGTCTCGTCGTAACATTTAGTACGAACGCGCATCAACCCGAGTCTATGCCTTAGCTGTAGTTACAACGAAGCTCAGCTCCCGTGTTTTGCCGCGACCGGCGCTCTCTCGTAGCATATACTCACATGCTCCGAAGTCGAATTCTAGGCTCCTAGAAGCACAGTGTCAAGTTCAGTGGTTGCGCCGGTAGTACCGTTTCTCCCGAAACCTGCTAATCCCTACCGCGTATCGGACGGACATCTTACTCAGCCCTAAGTTACTAAACTATGCAGACATCGGGTGTCAGATGCGTCACAACAGCATCGTCGCTTAATGTGTGCACGACAGTTCGCGAGACAGCCAAGCGACACTTGTGAACTGTTCTAATTTCTGTTTTCCGGAGTTTGTCAGGT,TCTCAGGCGCAGTACGGATTTGCAAACGCTTTTTTCACATGGCAGACGTTAGAAAGGCGGATAGAGTATTACCCGATGACTTGATCTCTGCGCCGGGAAAACGCCAACAATAACACCGTCACGTATGGACTGCTCTTACAGCCCGGGAATTATAGCTAAAAATCTGTTTTATAATCGATACGAGGGTAAAGGCTTAAAGGTGTATGTTTTCTTGAGATTGTTAGGAGAGTCAAAAGCTTCGACCGAGGCACTTAATCCCACGGAATCAACCCCAAGAGTAGGACGTTGGCCGTTCTTGAGGCATCCTGGGCTGGATAATACAATAAATTAAAGCTTTAAATAGACAGGATTGGTCTTACGACCCGGAATAAAATACCTTGGCCTGCAATACACCTCTTGCGAAACCCTAACGCGGCCACTTACCCTCTGTCTCAACGGCACCCCTTATGCCCCGACTCCCTCACACTCCGACGTTAATATCTGGAAGGATCCGCAGGTAAGATGCAAGCGTGTGCTCATATATCCTGTTCGTTCCACTGCAGTTTATATCGATGCCAAGTATACCGTCCCGATACCGTAATATCCAGGAAGCCCATGCTAGTAGGTCAATGGAGTGCGGGAGTAGCAAATGCGACAGTTACGGGCCTAGACTCTGAGCACGTCGAGACGGGGCCGTTGATTAAGCAGAAAAAATTTAGCATAGTTCTAAGGCTACTTGATACGACAGAACGCACCTGCATAATATCGACTAGCACGAGTTGGGGCCGCTCATGAAAGGAAAGGCTAAGGACCCAGATCTATATATTGCGATCGCCCGGGGCTGCTACCGGACAAGCCCCTCCTCAATAAACGGGAGTTGGATCGATCTCAGGGTGAGCCCTCTATGTGTACTACAGCCTCGTATTGCGCACCAACCCTTTCCTCTGACAAATGCTTGATACTCTTTCAGGTAGATTCATCGACCGATCTGCCCTACGAAATGGCGGTCGCGCTTGTAATT,AGGAAGTAACGGGGCGTCTATAAGCACAGTATAACCCGGGCCAATATGGGTGCACCATGCCTGAATCGCGTGAAAAGTCAAAATTAGAGAGTCGAGCTTCTAATAGAGGCTACTGACCTTTGGCGCCCCAGGGTATAGCTCCCGAGTACCCCGGCAGTAATAGCTACCTATACTCATGTCTAGTAATAGCTAGGGAACATGAGAGGGACTTGCGGATTACTCTGAATTTGTAGATATGTGGGGCATTATTGTGCTTTGGCACTAATTTTCCCGCAAGATTGAGTGACGTGAGTGCGACTTTGACCTATCGAACCCCCATTACATCTAGTTTCGGGAGCATTTTTAAGTCTAGGTCCAACACTCCATGTAACCTTTAAAACTGAAACCAGCAAGTTATTTGCCAACACACACATAAGCCTTGGGGACTATAAAACTCATGTATACCGGAGATCAGCGTTACCAGCCTTTGTCTGATCGTCACGGGCTCCTAAGCCGCCCACAATCCTAGTGCCCTACTGCTATTGCCCTCACACCCATGCTAAGTACCACTCTCCAAGGGTCTTGCCTGGGATAGACGAGCGAGGCTATAAGTCGGGAATCAGTTCACAACTCACCGGCACTAGGAGCTACTATAGTAAGCGCATCCAATTGGCAAACAGAGCGGATCTGACAAAAGAATCGGTTCGAATGATGACCACTGACACATCAGTGCTGCAACCATTCTAGACGTATGACACTCGAGGGCGCCTCCTGTTTTCTGCTCTAATATAGCAATATTCGGGCCGTTGTCATGCTTAGGTCTAAGATGTGATGCTGGAACCATAGACCAACTATCGTGCCTGGCCGGAGGGGATGACACGAATAGAGGCCACCAATCGGACTGGTTGTACATATATCCCGTCAACGGATTGATGTCCTGTACCTTTGCCCATCCTTCTGAGTTTGCCTGCGATCCCGGACTCACGGCCACTTAGCAGTTAACTACGCGCATTAAATTGCG,AGGGGTACTGATCCTTAACCGACGTAAGTTCGAGATTTGATGAGTTCCCTTGGATACGATTTTTATGCGAAGACGTAAATGGGTGCCGTTAATGCCCCCCGTCGGGTGAGGGCGATGATTATACCAGAGTGGCTGTTTAAAATTGAGGGGCCTATGGACATACCACCACCGGCCTCCGCGCGTGGCAGCCCCCATATGCGTGGCACCCACTGTTTCTCGTGTGTTTGCTACGCCCGCCCGTGTCTCGTTAAATAACCACCCCAACATCTAGCATCCACGAGACGTGCGGGTTGCAAAAAGCGCTACGTCAGCATTCCAGACGCAATCCAGGTCCCTAACCAATGGTTTGAAGATACGATTGTGGAGCAGAGAGTTCATGACAAGTCATGGGGAATTTTCCAGATAGCAAATGATTAACATGATCGTAAGGCTTATGGCGATGTGTAACTATCTTGATAAAGCCTGTGTCATTCGTCTTGTGGACACTACAAGGGAACGGCGAGAGGTGGGTCAGGTAGGCTTGAACCGATATGTTACGGAATGGCAATACGCGCCGCGAATTATGATTAGGTCCTCCAATAGAGAATGCTACGTTGCCGCTGAAACTCTAAGATAGATAGCTTTATCTAACAGAAACTTGAGACCGATAGGGCTTTGGTCAGTCTTTTCCTGGCCTACTTTCTAATAGGTGTACAACCGGGCAGCCGTCGTGTAGGCAGTGGAAAATTAGACTAGGACTGAGTTCTGTTTTCAACGCACCATTTCTGGTCATTGTACTATCATAGGACAATTTTCAGGACCTGGGGTTTGGAGCGGAGCCTGTACAGCGTGGCCGACCGGGAATCACTGGACCATATGTCCTGGGGGGCCCTCGAAGTTTTTTCCCACGATGAGCATAGGTGCAATCTATGTAATCACTACTTCATCTAGGCCCCTGTCGCATGACGCATCTGTCATTCTCTTCTTGCTTCAGGATTTTGCGAACTACTTTAATGCAAAA,GAATTGTGTTCGGGCTGCGTGACAAATCATGCCGCTTAGGCGAGCCTTACGCTGAAATGCCGCACACACGGCCTCATCCCGCTTAGAAACTGTTAGTACGGTTATTTGAAATTTTGAGATACTTTTTCGAGTTCTGACGTCCACTCTTCAACAGTGAGCGGGCCGCTAACGGGGTCTGTGCGTACCTCACCCAAGGAATTTGCTTATGTCCCGGTTTCGAGCGCCCAGTAGCCGCAGCCCTCTTCCTGTATAGATAAGTGGATATCCCTAACATCAAATAATCCGAAAAGAGGGTACCGACATTACAAAGTATACGTGGTAGGTTGACGACAGGGATACAGAGGACCTTGAGCCTTAGGGGGGAAGCCCTTCTAGCCGGGGCCGCCAAGGGTCGGGTTTGAGAGGGACCATAGGAGGCGCACGGCAAGGGTCAAGAGCTTGTAATATGGTGGGACGATTACGTGCCTCACTTCATTTACTCTCTCTCATTGCGCCTGTCGAATTAACCGCATCACAATCGCTCTAGTAATTAGCGCTGGCAATACAACAACTGTTCGCCGCTGTAACCGGGTTGAGGCCCTGAGATGCATCGGTAAAATGCGCATTTCTCTTTAAGCTCTTATGACGCCTGCGGAGCGATTGAGCGATTTGACTTCGAATATCGAACTGCGTAGGCAGCCGGGTTTTCTCCTTCGATAAAGAGATCTATTCTACCGGGGGGGATGATCTGCGGCGGTTCTATGAGCATTCCCGTCCACTGGCGTCAGCCATGTATAGTTAAGTATACTACGTAAGGTAGTATGGTAACAAGGAAGCAGGAAGATCTATGGCTTCGCGGCCGCTCATGACCTTGATCGTGGGGGACACCTGGTCAGCGCAGCTCGTACATCTAGAAATATGGACATCTGTTTTAGTCGCGGCGAGAGGTACAGATAATAAATTGTAGGTTTTGGTAGTTTTTCCTTTTCTCGCACGCCAAGACTTCAGGACGCTCCGGATG,CGTTGATTAGGACGTGATCGGCTACCATTCAATGAAACCGTTTCTCTCGGATTAGGGGCATAAATCATAATCGCTGAACTACCGCCCTCTGTCAGTTCACAGACAACTGCTGCAGGAGCTATACGTCACTGATGTGCACCAACACCAAATTACTCCTACCTGGGGTCCATTAAAATCAAACAGGGCTTAGAGATGAGGAAAGGTTATTACGTGTCATCTATACGGTAGCTACAATGCCGCGTGCGTCTTCACCTACTCTCTGGGCCGGTGCTCCAGCTATAGAAATGCCCGAAGCAGCTTTCCAGCACCACAATGATTGCTCTTATACTAGACCCATCATCCCCAGAATGGGGTGGGACTTCATAGGTCTAACTGACCCGGCGGCAAGTTTGCTTCCCGTTTAGTCGTGCAATACCAAGACGTTACAACGGCCGGCAGCATTTTGTTCCCTCCGGCAACTCGTGGACTACTCGATTTCCCATATCGCTCGCCTGTATGCGGACACCTTATCGCGCCGGTATTTAACCTATCGACGGTGGGCCATACGTGTGCATGGCCAGGTCCTTTAAGGAAAGACGGAAGGAGTGGGTTGAGAGTGGCCTGGAGTGGTTCGGAGTCTATAGACATGGTCCGACACTTCTCCGACAAGGTCCATAAGGGCATGTGACGCGCAAAGACACGATGCTTTGGCTGATTACGGTTTAGCATAGATCCACCCCTGGAAAGTTAGTTGTATGCATCGCGCCTTGGACATTTGTTCTCGGCCTTGCTTAACATGTGGAAGTCAATGATTGCCGTCCGATAAGGCCAAGGCGAATAACATATTAGTGGATAAAAGGTCCCTAGTGATTCTACTTGTCTAAAAGGATGTATAGACACACCTACACCTCTTGAGTAATGTCGTTCGACCGGCAACCGTCATCGTGATTCTCTGACGCCTTGTAAATGCGAGCCAGGTTGGACTGGCGCTGTATGCGGTGCATGTAAGGTTGTCAGAACA,GAGCCGGATAGCAGGCGGTAGTGGTCAACTTGCGGTGAAATCGTGGGTCTACACTCTGGCATTCTAGAGGATCCGAATTGTTCCAAGGACACAAACGCTGAGGGGCATTCCATCCACGTCCACATCCGAGGCTCCTTTTGGATTGTACGAGGGCACTCGTGGCGCGATATACGTCAAAGATACGGCTTTTCGACATTCAATTTCAAAGTACCCCGATCTCGCTGTCATTTGGTACCGCCGCTCATGTTCGGACTTGCAAGAGCCGGCAGCCTAGGAGCTTCCTGACGAGTCAATAGGATCATATCCTTTTACCTGTTTAGCCCCATCTTCTCTCCCTGCTGTGACCACTGCGCGGAATTGGGGCTTGAAAACTTGATAACATCTTATCCCCTAGAATAATCGTCGCTTCGTTCATAGTCTTCCTTTCCTGCTCCTCAACGGCTCACAGTTCAAGGGATCGAGTTCTCCAACATGGGGGCGGAATAACGTGCCGAGTCCAGATTTAATCGGCAAATATTGCCTCGTCGGTTTTCTTTTGTGGCGCTATACAGGCCTGAATCATCTGGTCAACATAGTTGTCACAGGCCGAGGACGCTCAGCCAAAGTTGGAAGTGGCGGTAAAGGATTTTACCACACAAACCGAATCCGGGATCCTGCGTAGCGCTGGTCAATACGCGCTTAAGACACAGACAGGCCGAGTTGCCCCCCTTGGGGGTAGGTCCATAGAGCACGTCACGTTGGCGCATATCAGTGCTCTTCTGCACCCCGCACACCGCGGTGAGCTGGATTAACTAGGTATTCTAGAGCGAGCTGGTAACACAGATAACAAGGAGCAGGGATTTAGAGATTGCACACGATGAGGCAAGCTGCCCTTAACTCCTTGCTTATTCGACGTAATAATTAAGCCTGCCACCTGGCTATGTTAATTAGGCCGACGCGAAAGTCGGACTAAAGACTGTAGGGTAGAACCGCTAGAAATTTGCTGTACCGGCTCGTAGTG,TTGATTGCGTGATGGCTAATAATGGGCTTGTCCCCCCGTAAGGCGCGACGGGTTCGCTTTGGAACGAAATAACTTTGGAGTGCTCAACCCCGGCGCCTCGCCCGAATGGTCCGGGCGCTCCTAGTGCCGTAGTGACTTTTGGTTGATTTTTATTTTGACACTGCCTGGAGCAGAAATGACCAACATAGCACTGTGGGACTTGTGCGGTGCACAAGAATGTTCACTGATCGTCGCGCACCCGTGATTCTGATATCATACCCAGCAAGTTGGGAATTTCACGCTCCGGATGCTGGATCCGACGGTGCGTAGAAGCATTAGGCTATAGAGGGTAAGTTCTTGTAGCCTATTGTCGGATCACCATCTCCGTACCACGCGAACACACCAACCTGAGACGTGAGCTTCGAGACCAGCGATTCGGAAGAACGGTTATGTCGTCCCGCCGACATATCCCGTTGACGTCGTTGTACTGAGATCTGATCTTGCCGGGCGCTGCGATACTTAAGCCGCTGTTGGGTTGCGATAAACTGCTTGCAACCAAATTAAGGCTATCGCTGGACCTCAGGGGGTACAGCATTACCGCTTCTGTGGATGACTACATATTTCAGTTCTCATAGTCCCGGTCGAAGGCCCACGACCACTGTTTTTGACCTCTAACGGCTGCGTCCCAGGCTGTGCTTCGAACTGTACTTCAAACCAGGAGACTTCGTAGCTCTAGCTATGTATCGCTGTCGTACATATGAATTTAAAAACCATCCCAGATGACGGTCCTCCGTAATGACGCCCTCGTATAGAGCTGACCAGATCTGCGTCACCTAATTTAAGTGTGAGAGGCCGAGACCAGGAATCGTAGTTCCTCTTCAAACTATCGGTGTTTGGAATGTGCACGTCGTCAGCTATGCAAGAAGCGGCTAGCCGTACTTCGCAGGTTTACACGATCCGTGGTCGTATACGTTATGTTTCGCTGTTAAGTCACAAATGCCTGGCTCGATCCGGATAGGCT,GAATGGAGCATCGGAGCTGCTGGGGCAATTATCCTAAATGCGTTGAGCTTATGCAAGTAAGCCCGCCCGGTAGGCGGACCTGGTTACTCAATGATTATTCAGTTGATATAGATTTTGCGCAATACCTCTACTAACTGAGTTTTATGCCCATTATATCATCTCGTAACACCTCCGGCTGGTCCGGGTTCGTGTAATTGCTTGAGAAACTTGACGGGACGATGGCCGATCGACCGGAGGTTAGGCCCGTAATCCCGGTACTGATGTTGGAACGGCCTCGCAGAATGGACACGTGCAGGCAATGAGGAAAAGATGATTGAATAAACGACCGAGCCAATAGGCGCGCAATGGTCCTTATCGTAGCTAGCGCTTCTGTATAGCCGTGGCATTGGCGTTAGCATATCAAGTCTAGGGTTTTCATTCGGGATTGTCTGGACGGCCGCTCGTACCCTATGGATGTGGTTACAATAGGACGAAAATGTATGATTCCGTTCGGAGTGAAGTAAATTGGTGCATGCTATTTTGTCACTTTAGTAGATCTAACCAATGGCTCCGGGTCCAGTTCTTCTAGGAGGGGCTCGGTTTGCACCCTCCGGCCGATGCTATGGGACGGATCATGGGGTAGCCCATATCACGCCGTAGGCTCTTCGTGTCAACAACCTTAAGTAAGACTTCGGGGAGTCAGTGGAACAAACTAGGCATTTCGTAGAGCGCGGACGGTACTTTTGATCCCCGATTAAAGTTGGTAACGCATGGCATTAAACGCCATGTAGTACGCATTCAAGAGTGGCAGAAAAGGACCTGCGGACGCAAAGCGGAAAATGCGTAACGTCGTCCGCCTAACGAGCAGTGAGTGAGAGTAGGATCCTCGAGACTTATGCATCGGCCAACTGGATGTGCGAAACTAGGCGCGGTAGAGAGTAATCTCGGGGACTCTGATGGTATGCTCCCGAAGGGCTCAACAAAAGCTGATGATACATTTAACAATACTCTCGTCCTTCAC,TACTGGCTCTCGCTCAGCTCGGCTGTAATGAAAGATCGTTCTAAGCTCCGCTTTACAGTTCGGCGCGGAGTCACTGGGCATCTTTGGGACTAAGGCATCGTATCGTTGACTGTGCACGCCAGGTCAGTACGGCCACAGTCCCTTTTGTGAGTGTAGTTTGGCCTCACAGAACACGCCAGCACGTACGTAGAGCTCTGCTTGGAAGTAGGCGGAGTTTCCGTATACGGAAATGACCATGACAACGTCCATCATGGGGCTACCGCCTACTGAGGAACTTACTTGGAGGTCAAAAATAATATAGTTTCCTTCGCGAGTATTGGGTGCGCAGATTTGTAGTTTCGCTACGGGGTTATGTATACGGGGGACGTGTGCGGTCCCGGAGGGTAATAGCTACATAATTAAGACCTGGTTATATGGATCTCTTATTTTATGCAGTCAAGGTAGGGGACTGGCATCTCAATCTGACACGCGTACATCTGATCATACGGAACCCGACATTTGATAAATTCAACGCTCGGCGAGCCATGTCAACTCCTGCATTTACGTATCTATAAATGATTGGGCATGGATTTAGCAACTTGCGCTGTGCTGTCAGGGATATGAACTAAATGACGAGGTGTCGATCTCAACCCTTGTCTCTTGTTTACCGGTCCACCCCCCTTATTAGATGATTTAAGATCTACCATTTGTCTTGTGCGAACCCACCTTTCTTCTTGACGTAATTCACGTAGGGCGTGCATCCTGCTCGTATTTCGGACTCCCTCAAAGGGGGTGACGCCGATAATGAGCGTATATGGTGCGCTTGTGGGCGAGACTGCACGTCCTATCTTTCGCTTTCGATTGTTGTTCGGACGATTCCAAAGCGCGATAGTGTGACGACGGATCACCGGTGGACATACGAAGTCGGGAAACTCGGTTTAGCAGCGTAACAACAGCTCACCTGAACCTCCGTCGTTTGACAATTCGGCACCGGCTGGCAATAATCCGATCTTTATAATGC,CGCGTGGGTGGAGAAGAACGGGGACGTTCTGTAGTTTTCAGTGATGTCGGAGGTTTCACAGACATGGAGAGCGCAGCAGACCGGGGGCGGTACAAAGTGCCGGGGTGCACGGCTCCGGAGGACGGAGAGGGCTATTTGATACCTTGGTGAGACACTAATATTTATAGGTTTATGTCTTACGAATGCAAGCACGGCCGCCAATGCACAACTAAGACTACTCGTGCTACGTCTGATTCCCTTCCTCGCAAAAAACTTTATAGTTTCCACGAACTGCAGATAAACTAGAGCCCAGACCCTTAAGCCGATAAACCCCGTTGCCAAATAATAGCTTGACTCTATTCCGGTAGAGTGGCATTTAGTTAGGTTCTGTCAAGGTTAGGTTGCATCGTATCTTAACGTGAGGCTTGGGACTCGCTCCTTGAGCAAATTACTCACGGCGAGTTCAGGTGTCATTGGGGCCTTTGGAAGTCTTAATCCGGGAGGGAGTATTTCGTTAGGGCTTGTACGAATAACCAAGCCAATTCGGGTTGCTATGCACATTCTGCCGCCCACCTCCGGTAGCTTCATAACTGGTAGAGTTATTACCTAGATCGCTTCCTGAGACATCACACACCCTTCAGAAATGAGCAGGACAACCCTTAGGACCATCAGTTAACGTGCTTGCTGCGAGAGTGCCAGGGAGACCCGGACGTGTGAGTCGGGGAAAGTACTCTCACGATGTCGGCCACTTCTTTTGTCTTGCGGCACGGATCCAGTAAGATTCGCCCGCCGGGTCGGCCCGGATCCGAAGTCAGTGAGTTTCTCCAATAGACGCTGTACCGGAGTGGTCAACTAGTACCACAGCCCTGGATCAGATGCCAAGTCAGTATGTGGAGGACTGGGATCTAGCTTATTGGCCGCGAGATCGCTGTGGGTTCTTACAAATGTTGAAAGAGGTTTTCCCCAGCCTTTGGCTCCGCGCCAAAGAAAGAGCAGTCAGATAGGGGAAGGAGGACGTGGT,TGCTCTTATGATCACCTACTAAGGGTGCCTTTCCTAAGAATATCGGCCGTACTTATAGCACAGCGCATGCCGGGACCCATCGCGGCACTACATGTTAGACACGAGTCAGGAGTTCAGCTGTAACTCCACCCCCGTGCGACTCAAATATACACTAGGGTTAGGCAGAAAAGACGATTCCGCGGGTACATCATCAAGTTTAAGAACGAAATAGAATGAGACCCAGTAAGCTCCGCACCGTAAGTCCGCCTGCCGAAACCCTGACTCGGAGACCAATTGGTCTCTGAGGCAGGGCCGCGATGCGGCCTGATAAGTGCGCGATGAACGATTTCGGTTGAGACTGTCTCGGTGGCCCTCATATGATTCGTCGAAGCAGGAGCGATTATCTATCCATGGTGTGGCGAGGGAGTGCCAACGCTCCCTACTTATAAGAAAAGCCTGGTAATAACTTCTTGAACTTATCACGTATTCCCACGCAGACACCCTACAACGTGCCATTTATCTGTTCGGCTTCAGAACTCTTCTTATCATGCAGCGAGAAAGGGTAACCGTTCAGGTTGAACAAAGCCTCCCGGGATTAAACGGTTATGTGTATTCTGACTTATGGAATCGTTCGTTACGTAGGTCGCAATGACCCCTAAGAATTCGATACGGCGACAGGTAGAAGAGGTGCCTTTTAGACATCCCGAAAAATCATTGTATTTAGGAAAATTTTTCTCACTTTACTTCCGTAAGCCGGTCACCTTTCCGCTCTCTATTACCTGATTCCTTGTTTTCGCCCTTAATACCGTCTTCGCCCACGCTCATGTTGTTGCTATATAATTTAATGATGCGGCAACAAACGATCCTGTCTGACGCTGTGGCAATACCACGTTCTGCCAATTTAAGCCTTTACAAAACGCGTGTGCGTCTGCTTTCGGCTTTGCCACCTGATCCCTTGCCATTCTTGCGGGGGTGTCTAATAGGGGAGTTGGAAATCAAGTCCTCACAGCGGCCATTTCGA,AAGTTGATGCCAGATATGCGAGCGAGTCGAATCGTCACATCCTCCCCTACGGTCACCGTCCAGTAGAAAACTTCCTTGACCTCTGCCCGGCACCGGCTCGCCTCGCTCCCATTGTTCAGGGAAATGAGCGGTGACACCTAGGTGCAACAAAAATAGACATTAGTATCGACTGTGGTGCCAGCCGAGAGTCGACTCGGTAAAGTTACAATACAACTGATATACCGATGTGGTCAGTGCTGTGGAACCCCTAGGGCTCGGCTTGACGCTCAGTGCGATCTGTTTGCGTCGCTCATGTTCGATCCAATTGCTTCGGTTGGGAGGTTGCTGAATAGTCCGCAGTCATGGGACCGACGAGCCACGGTACATAGCCGAACAGTGACTGCACTTGTGTTCGGCTTTGGTAGCCCGCGGCTGCTACGTAGGTACTGTTATGCCTAACACATACCCAGCGCCTTGAGTACCCTTAAAGCGATACTCGCGAGCGGAGGGGCCGAAAGATTAGTGAGCAACCTCGAAGCGACCCTTGTATCAATTGCATGATCTGGTCCTACAACGTCTAGCGGGTAAGGGCATATGCCTTGAAGCTAAGTCAAGCCTTTCACAACAAGAAGATAAATAACTCGTTTGCTGTGATCAATGAAAATAATTTCATATATGCACGGTATTCGAGAATTTCGGTTGACGGATGGTCTCCGTTCAGTCTTGTCTAAACAGTTGAGATGCAAGCCTCGTAGGAGTTCTCAGCATCCGTTCATATACATTGCCCTGTCGTGTTGAAATCGATGCATGGTTGGGATCCTGTGAAAATGCAGATGTACGGTTCCGGGTCCCCAGCGTAAGAACGCGCATTTACATTTGGTGTGAGCGATAAACCATTTCCAGAAACTCTTTATTTACCGAACGCTCGGGCTGTCTCCACACTACGTTCGACGATCCGGGAGTCCAATTTCGTGTAAGTTTGAATTTTCTATGATGCCACGTTCGGCAACGATTCCGGACC,TTTCGTGGTTATGACACGACACTATTATTTCGAGGACCTACAGGCAGCTTCACCCACCAAATCAGACATGGTTCGTCTCTTTGTATGGGGCAGCGGTTTCTGACGTTCTTTGTACTGCCAAATATAACCAGAGTCTCGATACCCTAAGTCTAGCTTGACACGTGCTACTGCATTACTGACATCTCTACGTAGGCTAGGAATCGAGGCTGCAGTCAAGACTCTTCTTTTGTAGCTTAGGGTTTCAAGTGCCATGCGCCCTGTATACGCATAAGAACTTTTTCCCGGACTCGTCTTATGAACAGCTGTGTGGGTAGAGTTCCCCACTAATTGAGTCCAACCGGCGACCATCATTAGAAATTTTTGGAGACTTGTTGCACGGTAACATATCGTCTTGACAGCTCCTATATAGCAATACATTGCCGTCTCAGAATCCCGCTTCCCACCGGTTTATCCGCCCTGCGTTAGGCGTTACTACAACCTCTAGAGTGTGGTTACTTAATCTCTCATTTAGGTCCAGCCTGGGACGTAACTACGTAGCTACTTCCCCCCCGGTGGTACAACGGACAAGCCTACTTATGTTGACAAGGGCTCTATTTATACGGAATTGTATTGCTCTGGATTCTAAACAGCAAGATTAAGGGCGTATTCTTACCGAGGCTAAAGGCCTCGTAGGTATCTCTAATAGAAGGTGCGATAACGACCATGCTCTTACTGATGCGGTTTTGATAGGAACTACCATGTGACCAAGTTAGACCGCTCTCCTGCTACCCTGAGACTGAGATGGGACTGCGAGAGTGCTGTGAGTTAAGTTATTAGGTATAGTTTCGCGCCGCAAAACAAGCGAAGTGCGTTCTGGAGTTATGGGAACAGGCTATCCAGTAGCCGTGTGGAGTTTCTGCGTCTCATCGGTACATGAACTCGTCAATAACATCATGCTGATTAGGGCGGCCCGAATGTCCATGAAGGCGGTTCATCACGTTAGTTGGGTGTCTCGTCCTGC,ATTCGGGCTCCGTCGCTCGACTACTCGATACGCACCGCCGGGTCGCAGCCACATGTTACGGAGCATAGATGCAACTCCTGCACAACCTACGCAATTTACGGCTACCTTGCATCTTCATGGAACCCCGCTAGATATTGGATTCGCACGGCTCCCGCATCGGTTGGTTCTACAGGACAGGCAATCAGCTATAGCAGTAGGCTTTACGTCACGAGATGTACGGGTCCACCCAATACCCACCCACAGGACCCCCCGTTCTAATAACGCGGGCATTTGAAGTCGTCCAAGGGGAAGTAGAGACACTAACCATTTCCCACACACCTAGAATTGGAACTAAACTGTCTCTTTCGCCAAGCAATCTAAAGGCCAAAAGCCTGCGGTCGAAAATGCATTCGTCGTGTCAACGTCCTATCTCTGGACGAGTGTGTCGTGCGATGTTTATTAGACCAATGATCCTAACTATCGCCGAAATACCGGGTCATTTGCTACAACCTTGCAGCTTCAGCACTGAACTCGTAATCGGTACCTCCCAGGAAGCCCTGTTTTGAAAATCCAACCTTACGCCGCTGCAAGCCCCAGTGAGCTACGTAGCCAACCTGGCCGGTTAGAGCATGGTATAAACGAACACACTCCGTCGATGCTATAGGAGAGTCGCAACACTGAATCTGATAATTGGCCAGCTCAGGCCAAACTACTTCGTGATACGGCAAAATTTCGTCCCCAGGGGCTGTCGTTCAGCCGTTCTAATTAATGAAGTAGTTGGGGACGTAACGATAAATATTACTATCGTATTTTCACAATTCGCATGTCTTAGAGCGACTATCTTTAGATTTGATACAGATGCTGAGTAGGCAGACCAATACTAGCTTTGAGCATCCAACGCGTATACCAAACGTTGATCTTTCCTGGCAGAAAACATGTCAACGGACATCGGGTACCGCGTCCACCAACCGCTTCTGGTCACCGGAACAGCGTTACGATCTAGTATGTAGACACAGTTGTG,AGTTCCGGTGTGACACTTCGGCCATCCATAGAAAGACCGACTGGTAGTCAAACCCATTCAAACCGCTAATTTTATCTGAACACCGGGAACAGTTTCGTCATATGAGGCAAATTGCGCAGGCCAGGCTGCGCCGCCAGCCTCAGTTAGAAGTCGTCGTTACTCGTTGGTATTAGAGTCAATCCCTGGACGGATCCGCCGGTACTCGGTGTGCAAGACACAGACGAGGTAATAATGTTTCACATTCGTGACCTCTTTAATATCTAGCTAAACCGCTCTGGGACTACATTTCCCAGTCTGTGCCGGTGTATCGAATGGGGGAGTTAATATAAGCCGTGCTGCCATCAGAGACACAGGTGCTGGCCAGTTTATGCCTAATCAGGTCGCGTGGGCGTTCGGGTTAGCAGTTTCGTCCCTCCTACCGCTCACTATGAACTGCTACACCTCATGATATATGTGAGTTTCAAATAGGAAGAAGTGGCTCTCTATTGGCTGGTCATAAGGAAAGGCCAGTACGAGTGAGCGCATCGCTAGAAGGTTATGTCGCTCGTCCAAGCTTTCGGCGTTGCTTTGACAGGTAGCGGCGCTCTATGCTGCCTAGTTACATACTTCGTTTGCTGGCTCACACGGAGGCCGTTACCTATCTTAGGGAGGACGAGATGGGTCTTCTCGGACTCTGATTCACCCTCCAACTCTGACGTTACAGTCACGTTGAGTAATTGAGCCAGTCTGACTGTAGGACGTAAACATCCCCCAGAATCCGCGCTAACTTACGAGGGGATTTGGGCGCAGGAGTTAACCATAAAAGTATCCTAGCTGCGTGCGCGTGTACCCAGGTACTGAACTTATCCAACGGAGGTATGGATGTGTACTACAGCGCAGACAAGGGAACTATCTCTAATTCGAGCCCTGGGGCTCAAAAGTGAACATGCAGACGGAAGATGTGTACGTCTTCCAACATAATTGTTCGTCGCTGGTGAATTATTCCTCAATTTCCCACTGC,105ef0aa-56d4-46af-a929-6fb25487cdca,F,CACCCACTTGATAGAGCTTTGGTTGAGTGAGACCTGGAATGTGGCATTCTGCTCAATTGGCAAGGAATGTTTCCGCCTCGCAATATCTTAGCGTGTTATGTGAAGCAGCGATAATGCTCCGCCCCTGTTACCCAATGGAGCTAACTCAACATGAAAACTTCTGTCCTCAAGCACATGACATTCAATAGATCACATACGACACGAGGGATTATCCTCCACACTTTCTTTCAATCTAGCTCATTCCCTCACTTACACGTCCTGTGGTTTTAACACGATCTTCCGGTTTACCACGGGCACAGGTACAATGAGGTACCCAATGGTAGAAACATCTGAAGAAATGCCGGCGTAGGAACGCACGGACCTGTTACGGCGATTCACCTAAACATGGGCACCTCACAAGGCAGTACGCATAACCCACCCTAAGCCGATGGGCAAAGGTATGACGCATCGGGTACTTGCTGCCCTGCCGAGGTACTTCGCAAGATAGGCTGGCTCTATCGTAGCCGGCTGTGACTTCTTCATTAGCTGGATATAGAATTAGTCAAGCGCTCGGCGATAGATGTTGCGTGGAGCCTTAAACGCCTCTCGGCAGATACTGGTAAATCGAAAAGGGCACATAGCTAGGCTATAGAATGTCGTTAGTTCGTAGTCCGCGGTCCACCCTAGCGGCCCAGGGTACTGCAATCCAACCTTTTAACTGAACGTGTTTCTGCCCAGCGCCTTTCTATCACGCTCTCCTATATCCACAGGTTCCGCCCGTACCGTAACGTCCAACCTAATTATGACTATAGGGGACATAGCACCGATTACTACAATAACCGTCCGATTTTCTATGCCACTCAATCTAGTCATCTACCCCACCGGCGTAGCGTTAAGCAAGCTGAGTCAGTCCGACGTGCAGAATGGCCGTACATATGTGTTCAGGGCGTCCACTTTCAGCCCTGGTCGTTTCGCATACGCAACCCGAATCTGACAACCAGTCGATGGGCGTGATTGTGCA,ATGTTTGGTAAACGCCACATCCTCATACTTATATGAATATCTCCGAGTGGGGGCGTAGATATGATCAGAGACGCTTTGTGGTAAGGAACTCTATACCTAGATGCAATACTAGTGGGTTGGGTAGACACGTTACCTCGTAAGTCGCTAGTACTGTGGCCAATTTCTTCCAAGCGGATCTCGGGGTATACACTTGCAAACCTATACCACCTAGGATCTTGTAGCTACCCGTAACGTTTTGAGTGTTGAACTATTGTGAACGGTCGGCACCGAATTGTTCCGACGCCGAGAGCTGTACGAAAATCCAACTGCTTTCCGGTGACTACACGCAGGTGACTCCGGTTCCCAAGGCTGATTTATCACCTAGAAGAACAAGCCTGTGGTATGGAGTTCTGCGCCAAGAGCACCGCGTCCTGTTGGGTATATCACGCTCTGTGATCCGTGCTTGATTATAAAACTTCCGTGTTGCGCGGCCATGAAAAGTCCGAGTCGGAGCTTGGTATGTAGGTACCTGGGGAGTTATTCAGCCTGTTATAACTGGATCGCAGGCGAGGGACGTACTCGTGAGTAGTGTCGTTGCACATGAGGATCCCGGTTAGGAACCGACTGATACAGCCGCAAGCTTCGGCATCCCGCCGAATTTTGCCTATGTAAAAGCTGAGGCACTACCTCACGCGTATCCGTAGATGGCATTAGCCGAATGGGGTGAATGGGAGAACAGATGGGATCAGCGGACTTGATCTCGGCTGCTAGGCTCACATACAACGATAATTTGGAACCTGTATACTGAGGGTTCGGCGAACACTGCTAGATGATTTCCGTTCTTTTAGCCGAGCATAACAAAGGCCCCGCATGATCACGAGCTTCGTTCCGCTTTAATCCTGAGTTTCGCGACGTCATATGTCGACCACTCTAGACCATACTGTATGGCTTGATCCAGGTATATTGGAGATCCCAGACGGTCCCCTGTCCCCTTTCGGAAACCCTGCGTAAGGTGGTCGTG,AGGCTGTCTCCACTCTGCTCATCCATCTATGCTTATTGGCTATACGGGCAAGACCTGGCACACCGGCCATGGGACCGTACGCACTCGGTCCCTTAGCCCAAGTTACCCGCACAGCTTTGAACATTAAATGCGAACCTATCAAAGATATCGAAACATGGTAGATTGTTACATTCGACATAAGAAGGAAAACGTAGATCAAGGCATGTATGTCTAACTCGGGTTTTCTATAACTGGACCCGGTAGTTCGGACTGAGTGTGAGTGATCACTTCCACCAAGTAAGTGATGTAATACGTTCCGGAGCCAGGCCAGATTCACGCCAGGGGATTTGTCTGCGACCAGATGGCTGTGACTGGTTCTTGATGGAATCGTTCACCAACAGGCCCCATCCCCCTATATAGAACAGTTTGAGCGTTCTTTGCCCGCATGGGAACTGTAGCCTGGCCAATATTAGTAATCCGAATCAGCTCGTAAAGAGTACTTCAGAAAAAGGCGGAACCTAACTCCCGATTGTTTTCTATCTTTAACCAGAACGATCATCAAATCTAGCGATCCTGTAACTAATAAACCGATGAGTATGCGCGCACGCTTTCTCTGATGGTTAGATCAAATCTTACCTAAAATCGGGTTCATATGTTGCGGCTAATACTCAGAGCGAGATTCAGTGTTGTTTTCCCTACGCCGCGGTGAAGGGACTGATAGGCTACGCGGTCCCACCAGTAACTGTGACTGGACGTCCGGCGGACCTTACAAAGGTAGGGTCACAACACATTGTGGAACTACATGATGTGTCCGAGGAGAAAAAATCGTTTACAAATTGGAAGCGATTCACTGCACGTGGGTCGAATCCGACCGCTTGGGCCTGATATGAGTGCGGCTGAATGTCAGAAAACGTCGACAGCTTGCTGGGGGGGAAGAAGTTGAGGTAGGCACCTCCAAAATTTGGGCAAGGAGTTTAATGGTATCGAGATTTTGCAAGGCGTTTTATTCTTGATCCCACGT,CACCAAGTACCGATCATGTGCGAGTTCACCACCTCTTACCATCTCCCAGTACTAATGGTTGAATGCAGATGCAATGTATGGTCGTCATACCCTCTCCGCCTTAGATCGAAAGGGAAACGGTTGATAACTGGGGGTTGAGCGGCACCCTTCTAACGACCGGTGGTCACGCCAGTTCACGCAGATAAACGGTGTAGGCTCGACCCGGGGTGGTTGGTCCAAATCGCTCGCCTTGGAGAAGTTCCAATAAAGCGTATACCTGCGACAATTAACAGAATCTAGGGACGTGCTACGGAACAATAGGTATTACATAATTCGCTAACTGAAGTACCCGGTTGCGGTATTGCCTCGGCTTCAACTTCACTGGTTAGGATACTCATGATGACGTTTTTCGAGAATACCAGGGAGCTTTATCACGAGGGTTGCAATCCTGCCAAATGCTATGGTAAGAGGACATTAATATTCGGCCGTAGCGGGGTGGGGCAGTGCTCGCGCGTCTATTTTCTCACTGTCTGTTCTACCTAGCAACGTTCTTAACGTCGATATGATTCTTCGTTAAGCTAACACAATCCTGCATACTAATGTGCAACATACGTCAGAGAGGCTATCTCAGACCAGCTCAGATGCGCATCTACATCCCAGCACCCAAGTCTAGACACTCGTCCAAGCGCAAACCAATCCTCATGCGATCCTGACACTTGGCATGGCTCCGAGGCACTGCAAGGTGTATCTCCCCTACGGTCAACTACATATGGGGCCAAGCCTATGAGCTTCCATCGGCCTTGTAACAACAAGATTTGCGCTTATCAAGTAGTCGATCGTGTGCTTGCAAGCGAACCCTCGACGGCATTGACTCCAACGGATGAACACGTGGCTCGCGAGTATGGTGATTTCCGTAATTGCAGAATAGGTGGCTGGGCACAACTCAGCACTGCCACGCCGCGGTAAGCCCGTGTTTCCCAACCGCGCATCTTCTACGCAACTTGTGAACGTCGATCTTTAT,CAGTGGTTAATACTCCCTTGTCACTGGGCACCTTAACGACGTGGGGAATAGCTGATATAAGGTTCCTGGGTGAGCCGATGTTGGGTAAGCGGGTAAGCACATAGTGAAGATGGCTTGGGAGCACCAGCATCCTACGGTGGTCCTTATATAATGAGTAATTCATGTAAACATGCCTAGCACCTGGTACTTCCTCGTTAGGTTTAACTCTCTGTCGAGTCCTGCACATGGCATAATAAGACGGTTAAACGCGATCCGTGCACGCAACTACGAGTACTTCAAGAGTATTTTAACCGAGATGGGCCCCATGACCATGTCGTATAGCCTGGTCGACCCTAAAACATCGAGTCCCGAGACGCGAGCCCAATACGATTCTAAACCCCGCCAACCGAAATATCAAAGCAGGTAGGAACAAATGTTAGACCTTGGACGGCGATATCAACAGAGAGCTGTCACCATGAGTCAATTTTAACGCGATTAGGCAAACACAAGGTGAACAGAAACCATGACCATCATCGGAGTGTAGCGGCGTCCAATCCAACGCGTCCGTCAATAACAGGCGAACCAGCAGGACCGCATAGGCCTGGTGCATGCGGCCATGAGTGGATCACGCCTATAACAGACGGGACCGCACCAGTTCGCACCTTTTCATGTTTTTCTAGAACGCAGGAACGGATGTATGTGGCAATTTCGCTAATCGGTTGCGCATTCTGATTGAGCATGGCCGACAACGCAATGACTTGGCGTAGGGAACGTCACAGCAGTCGGTTGCCTCGTCGGATAAGCCGACGCGGTATTACACTCCGGACGAGCATTCGGAGGGTGCTCATAGGTCCGCTCCTTAGCTGCTCGGACATTGCGAAAGTCAGGACTAAACTACATTTTATACGTAAGGAGTGTGACGACAGAAGGCGCCGGTACCCCGATCAAATACCTTATATGGAAGTACCCGCAAGGAGCATCTGGGAAGGGAGTCCCGCTCCAGATTGTTGGACAGAATCTC,GGCAGAGGCGGTGGTCTGGTTAAGCAAGCCGAGAATTATCCGTTTGTTTTGCCTCCTGCGCAGCCGCCCAATCCTACGGATGGATGGAAAGTTCTGACCCGGGCGACACGATGAGGGTCGCCGCTCAGAATCGAGCCAACGCGTAAATCCGTAGTCTGAGAGATGGTGAACGCTAAACAAGCTTCCTCGACGGCAACAGGCACCCTTAAAGCGCAGACTAGATCGAGGTCCACCAAAGCTTACTTCTTCCAACAAAATTTGGCAGCCGTGTCAGCTGCCGCGCGGCGGAACTTAATTAGGCGGCGTGAGCCTGATAGCACGTAAGGATTTTTAGCTCGAAGCGGCGATATCAAAATCGCACATTCCGCCCCTTCGTAGCCCGGATCTGTCCTCGCGGCGACATCCCCTTGAGAGCCTTCAAAGGGTGTAGACAACTTTATATTATTAAGCTTCTGTATGTGCGGATATAAGTATTTCTGTCTTCACACAGCTAAAGAGTCCAATTACTTTCGGACATCACGATTGGGACTGCCAGCAGCCGCCTCTTTCAATATCAGCCTTCCAAGCGCTTGGATGCTTGACGATGCGCACCATTCGGGTCCGCCTTCCCAAGGCCATGGTTAGCGTACGTGACTCAGGAGTGGCTGTTGGGCAAATACAATCCCTATCTCGCTGTTTCAATTATGGACGCAGGGAGACCCGGGGCCTCAACGCGTGGGACCATATTGGTTGTTCTAGGGTAGAGCAGCTGATTATGTAACGACGCGCGCACATGTGGATTAGTCTCGATCTACTGTTCTGAGAAGGCACCCCGGCGCGGTTTTTGCCTCGTACTTAAGAGTAGCCAAGGGGTACGTGTGTATGGCATAGAGGGCATTAGTGTTCCAGATGATGTGGTAGGGTTGCGAACGCACTATCCTTTGTGGTCAGGCGTGTATCACCGTTAAACTATGAGCTAAGGAGACCGGGTAAGCACCATTGAAGGTTAACGGAGGGATTG,TTGCTCGTGAAGCGCAAAATTCTGATGTACATAAAATTTGCACTCGACGCCTAGCAGCAAAAAGAGTACCCACTAAGATGAAGCCGCTAGATCTTAAGTTGGTATGCTAGTCTAGTAAGTAACCATTATCCTAGCAGGAGTGGCAGAAGATTAGCCGTTAATTTCGTATACTCAGTTTATTAGCTGTTATCTTCATGACGTAGAGTGGCACGGTAGTCTAGTTTGTCAACTTCACGCCTCACCTTTCAGTGTGACCACCTCTCACAGGCAATAACCGGTCTATAGTTATTTGCTGGTCGATTGAATACTAATATACTTGTCATGGTGTCATGACATAATAGATGGACTGTCCAGATTCAGGAGGCGCCGCAGAATGGGGGGAACCTGCGTTGCGCATGGCTCGATCGAGGATGCCGCTCACAGTATTTACATGAATAGTAGCTAAACCAAAACTTCGCAGATCATAACGCCTGTCATACAGTAGAGACTGTAGCTTTACCGTTAATAGGCTCAGATGGCCGTCGCTTAGGTGGTGGCTATCCGCGTTTGCTGGCCACTTTCTCATAAAAAAGTTCTTCTCAAATATTCAACGTACAGTCTGAAGAGTATGAAACCACGAGGGCAACGACGAATCCCTAAGTCACGAATCTTCGCTTGATTCCTAGTCCGGTTTGTCATAAAAGTGGAGCAGCCATAGATGACGCTGCTTGCATTGGGTATCAAACGCACGTACCGACCTTCTTGATCGATACAACGGCATAAACTCGCTGACCGACGAATAGCTAACCAAAGGCAGGCAATTCCTTTCAGGGGAACACCTAGTTTATACGGAAACTCTAATTTAGCTCGGTTTTCCAGGCAGCAGGCGATGCTCACCACTTTAACGCTAGATCTACCCCTGTCGGGCTATTATGTAATACGAGTTAAGAGCGACGCGTGTCGCCTAAACGTACATATGCCCAGACTTTATAGTAATTGGCTCTAGCGTGCGGTACGAGGC,TCCCTTATTATGCTTTAACCACTTCCGACTCCACTCTCCGTATATCCAACATTGGGTGAAAAAGTAGGAAATTCACACGTGACCCTGTGTGATTAAACACCCTGCGGGACTATGCCAGCTATAACTTCTGTCCCCTACGAGTGGGTGGGTGGCCGAGAGTTGTCCAGTATGATCGTCGAGACAAAAGCGCAGTGACGTGTCGTGACAAACCCAGAGCAACTCAAGTTCCTGCAGGGGTGATGCCGCATAAATCGTTCCTGCACACTTAGACGGGAGGCCGCTCTCATTTCGATGGGACGGCACAATTAGGAGCTAAAACGTTCGCGAGATTTTTCGCGTATGTGGTCGACGTTCTGGTAGTAAAATCGGTGGGGTTATACAGAGTACATGAGTCCTACACCCCCCGTTCCTCCGATGCAATTCTGACTTTGTAGCCCACAAATTTTGGAGGTCGCCTGCACATCACATGCTTCTTGGCCATGTTACATAACTGGTCAACCCACAAATCGTACAGGGGACAAGGCGCTAGGTGAAGTAAGACAATTTTACCGCGATAAGTTTAAACTGGGCTACTCCACTGTACCAGTGCGGAGTAACATTGACCTAGATAGTACCTTACGCTAAGCCTTTGTCCAGGGCAATACGCAATGATGGGTGACGCCACAATTCACTTGGTGTGGGGCTACCGCGCCTCCGGGGTAACGTATACCTTAAAGCCGCTCGGTTGAGATTACGGATCTTAGTCCTGTACCGGAATTTACTACCCACGGACGAACCAAACACTATCAGTGAATCTTGACATCGCTGATGATTTTGCAGAAAGTCCACAGAGTGTGGACCTTGAACCAGCAACTGATGATTGCTTCACTGAGTCATATAATCTAAGTGCACCTGGAGATAAGCACCCGTCGTTTTCCTCCAACCAGCTAAGTACGACTATCGCTATCGTGGGCATTTGGCTGGCAAAGTCTTCGGAGTGCCCGTGAGTCTTGAATCTGTC,GTAGGCCAAGTCACCGTGTTAAAAAAGTGTCATTAACGTCTATTGAGTGCAGACATGAACCTTTAAGCTCCTTGTTCTGCCATGAATAGCTAATACAGCGTTCTAGCTCAATTGGATCCTGGCGATTTGTCATCAAACGAACTTTTCGTGCTTACGTCGTGTTCTCTTGATTTAGTTTCTGCTGTCCGGTAATGTAAGTGATAGCTAGTGGACTTGCAGAGACTCGCATTGGCGACCTTCATCAACGCGAGCTGGACTTTACTTTCGAATATGCCCTCGGGTGATCTTTACACCGCTGGGCGCGAGCATTATACGCAAGAGCCAGGGTAGCACGGTTGTGCTGCAATTTTCTACTGGCAATTTAGTAGCCCTCGTAGTGCACTTCAAACTGGGTGCTTAACGTTCATGCGGTCTCCGCACGCGATCGATGGAGCATCGCGACACATGTTTGCGTCCATAACTTATCCCCCTCCATGCCTCTCACCGAAACGTGAGAGGCGGGGACCTCGCTAGAGCTCGACATTGAATCATTCTCTCGACATCGGTACGCCAGACCTCTTCAGGGTAGATGATATCTCCGTAAAGTAAGTGCCGTTTTAGCTTTGGAACAGGTCTCGTCGTAACATTTAGTACGAACGCGCATCAACCCGAGTCTATGCCTTAGCTGTAGTTACAACGAAGCTCAGCTCCCGTGTTTTGCCGCGACCGGCGCTCTCTCGTAGCATATACTCACATGCTCCGAAGTCGAATTCTAGGCTCCTAGAAGCACAGTGTCAAGTTCAGTGGTTGCGCCGGTAGTACCGTTTCTCCCGAAACCTGCTAATCCCTACCGCGTATCGGACGGACATCTTACTCAGCCCTAAGTTACTAAACTATGCAGACATCGGGTGTCAGATGCGTCACAACAGCATCGTCGCTTAATGTGTGCACGACAGTTCGCGAGACAGCCAAGCGACACTTGTGAACTGTTCTAATTTCTGTTTTCCGGAGTTTGTCAGGT,GAGAAGCATATTATTTCTCATCCTGTAGCTAGTCATCTTGCAATCTACAATTCACTTCGATACAGCTTCGTGGGGCCTCTATGATTTCCTAATTGGACCTTAAGAATCTCGAGACTGCATAGGTTGCTCATACATCTCACATCCCCAGCCAAATATAGATCCAGGTTCAAAGACGGTTGATAGCCCGCGCAGTGCTACTGTGGGCGGCAAGACCCCCACCGCATAGCGCGCGAGCAGGACTGAACTACTCTTGATGTTCATACCCTCGGACCGTGACCGGACTTACCAAACTATTGAGGGATGTGAAGGGTGCTCTTCAGGCGGTGGGAACTCACATCGCAAACCCCCGCGGATTGGCGTTACAAAAACAGCACAAGGTGGCCTGCAATACACCTCTTGCGAAACCCTAACGCGGCCACTTACCCTCTGTCTCAACGGCACCCCTTATGCCCCGACTCCCTCACACTCCGACGTTAATATCTGGAAGGATCCGCAGGTAAGATGCAAGCGTGTGCTCATATATCCTGTTCGTTCCACTGCAGTTTATATCGATGCCAAGTATACCGTCCCGATACCGTAATATCCAGGAAGCCCATGCTAGTAGGTCAATGGAGTGCGGGAGTAGCAAATGCGACAGTTACGGGCCTAGACTCTGAGCACGTCGAGACGGGGCCGTTGATTAAGCAGAAAAAATTTAGCATAGTTCTAAGGCTACTTGATACGACAGAACGCACCTGCATAATATCGACTAGCACGAGTTGGGGCCGCTCATGAAAGGAAAGGCTAAGGACCCAGATCTATATATTGCGATCGCCCGGGGCTGCTACCGGACAAGCCCCTCCTCAATAAACGGGAGTTGGATCGATCTCAGGGTGAGCCCTCTATGTGTACTACAGCCTCGTATTGCGCACCAACCCTTTCCTCTGACAAATGCTTGATACTCTTTCAGGTAGATTCATCGACCGATCTGCCCTACGAAATGGCGGTCGCGCTTGTAATT,GTTCGCTACAGGTTCGGGCGCAATAACAGGTCAAAACAGTTGTGCCAATTTGAAAACCAACGGATCTATGTGGTGGCAAAAGCTACCCGGCTCCTGCCTGCTATAAGTGGGCAGTGCAAGCCAGGAGTTATGTTCTCCGTAGATATTTGCCGCAGTAAGCTCTGTTAAATAAAATTCTGACGCAATGACACTATCATGCTGGGCCATCTAGAAGCAGACAAAATAGAGTCCAAGCATTAATGCAGCGAATATCATGTTAGGGTCCAAAGGACATATAAAACGGTGGGATTACCGAGATACCAACCTATCAAACTCGATGTTTAGGTGTGAACAATAACAGATCTGATTCGGACGGCTAGTATAGCAGGGCAGTAACGTACACCGACGGGGTGGCCTCTGTGGCCACAAAGAAGACTGACATACTGATCTCACCGGTAGCGAATAAGTAACCTACGACTAGGGCTCAGTGTATATTGTTGGCGCTAACAGACGGGCTAGGATGGTCGTTGGATATAGTGCTGGGATTGAAGTGCAAGGCGTAACCGTGAAAGTGAATAAGTCTGCGGCTTCGAAGACGAGCGAGGCTATAAGTCGGGAATCAGTTCACAACTCACCGGCACTAGGAGCTACTATAGTAAGCGCATCCAATTGGCAAACAGAGCGGATCTGACAAAAGAATCGGTTCGAATGATGACCACTGACACATCAGTGCTGCAACCATTCTAGACGTATGACACTCGAGGGCGCCTCCTGTTTTCTGCTCTAATATAGCAATATTCGGGCCGTTGTCATGCTTAGGTCTAAGATGTGATGCTGGAACCATAGACCAACTATCGTGCCTGGCCGGAGGGGATGACACGAATAGAGGCCACCAATCGGACTGGTTGTACATATATCCCGTCAACGGATTGATGTCCTGTACCTTTGCCCATCCTTCTGAGTTTGCCTGCGATCCCGGACTCACGGCCACTTAGCAGTTAACTACGCGCATTAAATTGCG,GGGCGGGTAGAATAGATGGCGACCTTGGCCATACAGCGGTGCAAGCGCGCAAGGGTGTTTGGGGCAATGGTTACGAGCGGGTCACCAATGCGATACTTGCAAGGGCCGGGGGGGAGGGCCTGCGCAGGCCGCGACAAGACCGCCTCGCGAATTATGGACATACCACCACCGGCCTCCGCGCGTGGCAGCCCCCATATGCGTGGCACCCACTGTTTCTCGTGTGTTTGCTACGCCCGCCCGTGTCTCGTTAAATAACCACCCCAACATCTAGCATCCACGAGACGTGCGGGTTGCAAAAAGCGCTACGTCAGCATTCCAGACGCAATCCAGGTCCCTAACCAATGGTTTGAAGATACGATTGTGGAGCAGAGAGTTCATGACAAGTCATGGGGAATTTTCCAGATAGCAAATGATTAACATGATCGTAAGGCTTATGGCGATGTGTAACTATCTTGATAAAGCCTGTGTCATTCGTCTTGTGGACACTACAAGGGAACGGCGAGAGGTGGGTCAGGTAGGCTTGAACCGATATGTTACGGAATGGCAATACGCGCCGCGAATTATGATTAGGTCCTCCAATAGAGAATGCTACGTTGCCGCTGAAACTCTAAGATAGATAGCTTTATCTAACAGAAACTTGAGACCGATAGGGCTTTGGTCAGTCTTTTCCTGGCCTACTTTCTAATAGGTGTACAACCGGGCAGCCGTCGTGTAGGCAGTGGAAAATTAGACTAGGACTGAGTTCTGTTTTCAACGCACCATTTCTGGTCATTGTACTATCATAGGACAATTTTCAGGACCTGGGGTTTGGAGCGGAGCCTGTACAGCGTGGCCGACCGGGAATCACTGGACCATATGTCCTGGGGGGCCCTCGAAGTTTTTTCCCACGATGAGCATAGGTGCAATCTATGTAATCACTACTTCATCTAGGCCCCTGTCGCATGACGCATCTGTCATTCTCTTCTTGCTTCAGGATTTTGCGAACTACTTTAATGCAAAA,AGTAAGTAATGCGCGTGGATTTTTACTCGGCACGGGTACCGTTAGTCAGACAGGACTACGTACCTCCATACCGTTCGAAGAGCGGTTTCAGAGCGGCTGCGACGTACCTCGCCTGCCCAATTGCCGCCAAAAAAACCATGCGACAAGCCGAGTCGTCGTGAATAAAGTACGTCGTTTATCTGTTCGCCGTTTATCTCCGCGTGTAGGAAGTTCGCTGACCCCTTCCTTCCTAGCCCAATAGCGGCAGCCTGTAGAGGCTAAACTCTAAGCACTCGCAGTACTGACCGAATTAAAGGTTCGGGCCCGGGACAGGACCGTAGTTGCTCAGTTGCCCAGCATGACACAAGACACTAACCTGTGTTCGATTTCACTAGTTGACGGACTTTCACATGTCGCACTAATTGCAAGCTCTTGGCACTTCTTGGAAAGAAACTAAGTCGAGTGGAGATTATCAAATTCGTCGTAGATGCACACCGAGGGTAAGAGGACTGTTCATCGCCCGATGGGGGGACGATTACGCATGGATATTGGGGCTTCCAGCAGCGAGCTCTGCGGGGTTCCGATTCATCCATGCTACCCAACAACATGGTTCGGAGTGTCGGGCGGAAAGAGATGATTGTTTACCTTACGCACCCGGTGACCATCCATGTTTTCCTGCATTCTTGGCGAGACTGTCTCGGAGTAAATGTCCTAAGTCTTGTGATGATTGGGGCCCATTTAGACTCCTATGATTTAGACCTGGTCACTTGACCTATTCAAAATCCCCGAAAGGGTCATTTTTTTGATAAGGCAAAATACGACGTTTTATTTGAATAGAGCCGCAGCGTGCCAGACCAAATTATACCAATAAGCCCTTCCGGAAACATCCTTGAAGCGTCAAGGCCAAGGCGGGAAGTAGATGGCTCTACCGGACTATCAGGGACCCGGTACAGATAATAAATTGTAGGTTTTGGTAGTTTTTCCTTTTCTCGCACGCCAAGACTTCAGGACGCTCCGGATG,GTCGACTCAAAGGCCCAAGGTAGTGACATCAACTAGAATCTTAAGGGAAAAACCGTCGGTTCCTTGCGAGCTGGAAAGGCGTGGTATCAAGCCTATTTGATTTAAACGGCATTTGACACAGCCTCTATGTCGCTGTAACATACAGCAGGATTTATGTTCGAGTAGGTCGCCAACTTATGCACACGGCCTCTTCACGCGGCGTTTTCAGGCCCCACCCCACCACCTCCCCGATTAGGGAAGAACGCCCGGGGTGCCCTTCATTACAGGGCATTTAAATGCCTAGGGCCATATATAGGTGAATGAGATTGTACAAAGTTCTAGCTGCTGTTGGATGGAAGTTCCTTCACATAGCGACTATCCTCACCCCGCTATCCGTTGTACGTGTTCACCAGGCAGACGTTTAGTCGTGCAATACCAAGACGTTACAACGGCCGGCAGCATTTTGTTCCCTCCGGCAACTCGTGGACTACTCGATTTCCCATATCGCTCGCCTGTATGCGGACACCTTATCGCGCCGGTATTTAACCTATCGACGGTGGGCCATACGTGTGCATGGCCAGGTCCTTTAAGGAAAGACGGAAGGAGTGGGTTGAGAGTGGCCTGGAGTGGTTCGGAGTCTATAGACATGGTCCGACACTTCTCCGACAAGGTCCATAAGGGCATGTGACGCGCAAAGACACGATGCTTTGGCTGATTACGGTTTAGCATAGATCCACCCCTGGAAAGTTAGTTGTATGCATCGCGCCTTGGACATTTGTTCTCGGCCTTGCTTAACATGTGGAAGTCAATGATTGCCGTCCGATAAGGCCAAGGCGAATAACATATTAGTGGATAAAAGGTCCCTAGTGATTCTACTTGTCTAAAAGGATGTATAGACACACCTACACCTCTTGAGTAATGTCGTTCGACCGGCAACCGTCATCGTGATTCTCTGACGCCTTGTAAATGCGAGCCAGGTTGGACTGGCGCTGTATGCGGTGCATGTAAGGTTGTCAGAACA,CGAATTTACCTCAGACACAGAGCCGATACTCGTCTTGCCAGGAGAGAAAGCTTCGATATTCGTGTTAAGCTTGGGTGGCCCAAGTGGAGTGCTTTTTGAGTGAAGAGCCGGGTCGGCGCAAGTCCGATAGGACTAACTCGCCTGCTCCCGTGCATATGATAGCGGCTCCGTGGCATTCCGGACACTACAAGATCTAGTATATCCTTCTTTCCTGTGCCCAAGTCTCAGATGGGTGCTCAACTCCGGCAGTTATTACTCGTACCATTATCTTTAACTACAGCTTCCGGCCTAGCACGCACAGATCACATCACGTGTAAGCGCATCCCTCGCGTAGGTAAAAGCGCGGTAGTAGGAATCAGCCGCATAAGATGGGTCAGGTGGATCGAACGGACCGGTAAAGCGGTTCTAGCGTACAGCGACCAGACTTTTTAGCACCTACTCCCCTCAGCTAGCGCATGCGGTCCTCGATTCCAAAATCTTACTGGGTGCATATCCGGCCAGCATGACTCTCCTCGCCGTCTCCATGCTTGTTTATGTGATGTGCGATTAAGCCATGCTCGTTACGTTGTGTTTGAATACTTGCTGCGGGATGGCTCACGTTGACGGAGGGGGTCGAAGATGCCATTTGCGCCATAATGTTGGATTAGCTGTACCGTTGTAACGTAAGGCTGAACACTCAGTCGCTGGTGGAAAAAAAGAAAAAGCATACTTTTAGTCACCTGTCAGGCCAACTTGCATTGCGTTGTGAAGCCCTTTAACTATGCATCTATTACTTGTGCTAGCTGGATTAACTAGGTATTCTAGAGCGAGCTGGTAACACAGATAACAAGGAGCAGGGATTTAGAGATTGCACACGATGAGGCAAGCTGCCCTTAACTCCTTGCTTATTCGACGTAATAATTAAGCCTGCCACCTGGCTATGTTAATTAGGCCGACGCGAAAGTCGGACTAAAGACTGTAGGGTAGAACCGCTAGAAATTTGCTGTACCGGCTCGTAGTG,CAAATTCCTTGTAGACGCCACGTCCGAAAGTCCCCCCGTAAGGCGCGACGGGTTCGCTTTGGAACGAAATAACTTTGGAGTGCTCAACCCCGGCGCCTCGCCCGAATGGTCCGGGCGCTCCTAGTGCCGTAGTGACTTTTGGTTGATTTTTATTTTGACACTGCCTGGAGCAGAAATGACCAACATAGCACTGTGGGACTTGTGCGGTGCACAAGAATGTTCACTGATCGTCGCGCACCCGTGATTCTGATATCATACCCAGCAAGTTGGGAATTTCACGCTCCGGATGCTGGATCCGACGGTGCGTAGAAGCATTAGGCTATAGAGGGTAAGTTCTTGTAGCCTATTGTCGGATCACCATCTCCGTACCACGCGAACACACCAACCTGAGACGTGAGCTTCGAGACCAGCGATTCGGAAGAACGGTTATGTCGTCCCGCCGACATATCCCGTTGACGTCGTTGTACTGAGATCTGATCTTGCCGGGCGCTGCGATACTTAAGCCGCTGTTGGGTTGCGATAAACTGCTTGCAACCAAATTAAGGCTATCGCTGGACCTCAGGGGGTACAGCATTACCGCTTCTGTGGATGACTACATATTTCAGTTCTCATAGTCCCGGTCGAAGGCCCACGACCACTGTTTTTGACCTCTAACGGCTGCGTCCCAGGCTGTGCTTCGAACTGTACTTCAAACCAGGAGACTTCGTAGCTCTAGCTATGTATCGCTGTCGTACATATGAATTTAAAAACCATCCCAGATGACGGTCCTCCGTAATGACGCCCTCGTATAGAGCTGACCAGATCTGCGTCACCTAATTTAAGTGTGAGAGGCCGAGACCAGGAATCGTAGTTCCTCTTCAAACTATCGGTGTTTGGAATGTGCACGTCGTCAGCTATGCAAGAAGCGGCTAGCCGTACTTCGCAGGTTTACACGATCCGTGGTCGTATACGTTATGTTTCGCTGTTAAGTCACAAATGCCTGGCTCGATCCGGATAGGCT,TCGACAGGTTATCTTAGAGTGTGTTTGCTAACTGCAGATAAACACTGTCGTTCATCCCCCAAGCGCCACGCAACCGGACCTGGTTACTCAATGATTATTCAGTTGATATAGATTTTGCGCAATACCTCTACTAACTGAGTTTTATGCCCATTATATCATCTCGTAACACCTCCGGCTGGTCCGGGTTCGTGTAATTGCTTGAGAAACTTGACGGGACGATGGCCGATCGACCGGAGGTTAGGCCCGTAATCCCGGTACTGATGTTGGAACGGCCTCGCAGAATGGACACGTGCAGGCAATGAGGAAAAGATGATTGAATAAACGACCGAGCCAATAGGCGCGCAATGGTCCTTATCGTAGCTAGCGCTTCTGTATAGCCGTGGCATTGGCGTTAGCATATCAAGTCTAGGGTTTTCATTCGGGATTGTCTGGACGGCCGCTCGTACCCTATGGATGTGGTTACAATAGGACGAAAATGTATGATTCCGTTCGGAGTGAAGTAAATTGGTGCATGCTATTTTGTCACTTTAGTAGATCTAACCAATGGCTCCGGGTCCAGTTCTTCTAGGAGGGGCTCGGTTTGCACCCTCCGGCCGATGCTATGGGACGGATCATGGGGTAGCCCATATCACGCCGTAGGCTCTTCGTGTCAACAACCTTAAGTAAGACTTCGGGGAGTCAGTGGAACAAACTAGGCATTTCGTAGAGCGCGGACGGTACTTTTGATCCCCGATTAAAGTTGGTAACGCATGGCATTAAACGCCATGTAGTACGCATTCAAGAGTGGCAGAAAAGGACCTGCGGACGCAAAGCGGAAAATGCGTAACGTCGTCCGCCTAACGAGCAGTGAGTGAGAGTAGGATCCTCGAGACTTATGCATCGGCCAACTGGATGTGCGAAACTAGGCGCGGTAGAGAGTAATCTCGGGGACTCTGATGGTATGCTCCCGAAGGGCTCAACAAAAGCTGATGATACATTTAACAATACTCTCGTCCTTCAC,GTTCCAAGGACGTGCTTCCCGGATGCCTATGATGCCCCAACCACTTTCACATGTAAATAGTTCCTTCTGAGGCACGGGGCTGTATACCGTGACACCCCCACTCCCATGCAAACCACTTGATCCTGACGCGGTGTACATATTGCAGACCACGGTCAAAATGCCAAAAACTACTTTGGAGCCTAGCCACCTAGGATCCCAAGTGTCAGCGGTCAAATTGTACGATGGGTTAGGCGCTTATCGAACCATCATCATGGGGCTACCGCCTACTGAGGAACTTACTTGGAGGTCAAAAATAATATAGTTTCCTTCGCGAGTATTGGGTGCGCAGATTTGTAGTTTCGCTACGGGGTTATGTATACGGGGGACGTGTGCGGTCCCGGAGGGTAATAGCTACATAATTAAGACCTGGTTATATGGATCTCTTATTTTATGCAGTCAAGGTAGGGGACTGGCATCTCAATCTGACACGCGTACATCTGATCATACGGAACCCGACATTTGATAAATTCAACGCTCGGCGAGCCATGTCAACTCCTGCATTTACGTATCTATAAATGATTGGGCATGGATTTAGCAACTTGCGCTGTGCTGTCAGGGATATGAACTAAATGACGAGGTGTCGATCTCAACCCTTGTCTCTTGTTTACCGGTCCACCCCCCTTATTAGATGATTTAAGATCTACCATTTGTCTTGTGCGAACCCACCTTTCTTCTTGACGTAATTCACGTAGGGCGTGCATCCTGCTCGTATTTCGGACTCCCTCAAAGGGGGTGACGCCGATAATGAGCGTATATGGTGCGCTTGTGGGCGAGACTGCACGTCCTATCTTTCGCTTTCGATTGTTGTTCGGACGATTCCAAAGCGCGATAGTGTGACGACGGATCACCGGTGGACATACGAAGTCGGGAAACTCGGTTTAGCAGCGTAACAACAGCTCACCTGAACCTCCGTCGTTTGACAATTCGGCACCGGCTGGCAATAATCCGATCTTTATAATGC,ATGGTGAGTGCCCTAGCCGGTCTTCGTTTGATAGTTTTCAGTGATGTCGGAGGTTTCACAGACATGGAGAGCGCAGCAGACCGGGGGCGGTACAAAGTGCCGGGGTGCACGGCTCCGGAGGACGGAGAGGGCTATTTGATACCTTGGTGAGACACTAATATTTATAGGTTTATGTCTTACGAATGCAAGCACGGCCGCCAATGCACAACTAAGACTACTCGTGCTACGTCTGATTCCCTTCCTCGCAAAAAACTTTATAGTTTCCACGAACTGCAGATAAACTAGAGCCCAGACCCTTAAGCCGATAAACCCCGTTGCCAAATAATAGCTTGACTCTATTCCGGTAGAGTGGCATTTAGTTAGGTTCTGTCAAGGTTAGGTTGCATCGTATCTTAACGTGAGGCTTGGGACTCGCTCCTTGAGCAAATTACTCACGGCGAGTTCAGGTGTCATTGGGGCCTTTGGAAGTCTTAATCCGGGAGGGAGTATTTCGTTAGGGCTTGTACGAATAACCAAGCCAATTCGGGTTGCTATGCACATTCTGCCGCCCACCTCCGGTAGCTTCATAACTGGTAGAGTTATTACCTAGATCGCTTCCTGAGACATCACACACCCTTCAGAAATGAGCAGGACAACCCTTAGGACCATCAGTTAACGTGCTTGCTGCGAGAGTGCCAGGGAGACCCGGACGTGTGAGTCGGGGAAAGTACTCTCACGATGTCGGCCACTTCTTTTGTCTTGCGGCACGGATCCAGTAAGATTCGCCCGCCGGGTCGGCCCGGATCCGAAGTCAGTGAGTTTCTCCAATAGACGCTGTACCGGAGTGGTCAACTAGTACCACAGCCCTGGATCAGATGCCAAGTCAGTATGTGGAGGACTGGGATCTAGCTTATTGGCCGCGAGATCGCTGTGGGTTCTTACAAATGTTGAAAGAGGTTTTCCCCAGCCTTTGGCTCCGCGCCAAAGAAAGAGCAGTCAGATAGGGGAAGGAGGACGTGGT,GATAGGAAAACGTCGCTCCGGTAGGCGCAATAACCACATGTTTTAATCACTTGAGTGATGGTGAGTTACACCCCCTACGCGTGGCGCAGCTCGGGAGGATACGCAGCGGCTCGGAGTAATTAGACATCAGGTGTCCATAATGTAGCATCGCTTCTCCGATATGCAGAAAGCGCTCGGAGAGCACCGCAGGCGGCCCAGGCTGGCCTTTTACAACCGTCGCACCCATCTGCGGTTTCAATGGCACGCAGCGTGCGGGGCCTGTCTAGACAGGCTAAAGCACGACCTCCCGGTCGGGGCCTTTATCTCGCTTAATTACCGTACTAGATCCAGTCCAACGGCAGTCTATGATCGCCAACTCCTAACTCAGGTTCCTTGTGGACCCTGAAGGGAGTAGGAGGTTCTCTGCGTATCCGCAACACTCAGTAAGCTCTCGTCCTTGTCTGCGGTTCCCGTTTATTTAAGACCTTCCATAGTAACCAGTTCAATGTCGATGGCGACGCTAATTATATACCAGGCGTCGAGTTGCCTTGCATCGCGGTTGCGACGCAGTTACTAGGCAGAGGACGTGCTTGGCGCTTTTTTGACCACGGCTTACTTCAAAGCGTTTTTTATTAACGGCGGCAACGGACGGACCATTTTAGGAGCAGCTGTGGAAGCGTCGGCCGCGCTCAGCACCTTCTATTGCACACTTTGGGTAATTGAAGGAGCTTTGTCGGCCTATCGTCGGCGCCTGGAGTCACTGGCAACTACCTCTACCTAATGCAAGTGGTGATGTCGGGACAGGGGCACAATTGCTGACTTTGTCTGCCCTTTTCCATGCATGGGAAGTGGTCACCGAGGTCTTTATCCCCAGACTGTGGCAATACCACGTTCTGCCAATTTAAGCCTTTACAAAACGCGTGTGCGTCTGCTTTCGGCTTTGCCACCTGATCCCTTGCCATTCTTGCGGGGGTGTCTAATAGGGGAGTTGGAAATCAAGTCCTCACAGCGGCCATTTCGA,ATGCTGCATGCTAGACGCGTTGGAGGCCATCACTCGAAGTTTCACACGTCGATACCGCGTAGACCGCGACTATTTGCCTAATCTATTTAAAGATGTTGTGCTTAGACTAAGAGCTACAGGGTTCTGCCCTGCTGCCTTTAAATCCCGGGGACCACTCGAGTGTTTCTCGAACCCGAAGTCCCCATGCTGTTAAACGACGCCGTTTGCGTCTTCTCTGCGCACTGCCTTCGCGTGCTCCTATGGTATATGAAGGCGTGGCTGGTTAACTGCCGGGCTCCGTTAGCTTTTAGTGCTATACGACTGGTTATCACAGACTAACATCAGACCCGCTTAGGGTTGCGGGATGGCCATCCAGCACCTGTTACCAGACCCATTGTTTGAGAGTTCCATTCGCACCCGCGGTGTATATGTGTTCTACTTTGAGAGCCATCAATTCGTCGCCAAGCAAAGCCCGCGGCTCGGTTTTTTTCTTCGACTGTCATGCTCTGCGTAGTTCAAAAGAGCCTTTTCGTGTAGTAGCCGATCGACCAGAGTCGCAGATCATGATAGTCCCGGCCGGTGGCGCCGCCAGCTACCAGGTCGGGAGGAGCGGGTACTCACTGAGCCGATCCGCGCTAAAGATCCTACCATCTACAGTGCCAACTTACCCGGTGACCATAGGAAGCTAGGATCGTGCCGCTCAACTCTGCAGGGCTGATGGATCGCACTGGAGTAATTAACATTCAGATCTCAAGGGTATAGGTTAGTACTTCCACAGCATGCGTACTAATCCAGTTAAGTTGTCTAATTATGTTATCCTTGTGGGAACTCAAATTGACGGTTCCGGGTCCCCAGCGTAAGAACGCGCATTTACATTTGGTGTGAGCGATAAACCATTTCCAGAAACTCTTTATTTACCGAACGCTCGGGCTGTCTCCACACTACGTTCGACGATCCGGGAGTCCAATTTCGTGTAAGTTTGAATTTTCTATGATGCCACGTTCGGCAACGATTCCGGACC,GAGAACCCGTCCAGCGTCGATTCATTATTTCGAGGACCTACAGGCAGCTTCACCCACCAAATCAGACATGGTTCGTCTCTTTGTATGGGGCAGCGGTTTCTGACGTTCTTTGTACTGCCAAATATAACCAGAGTCTCGATACCCTAAGTCTAGCTTGACACGTGCTACTGCATTACTGACATCTCTACGTAGGCTAGGAATCGAGGCTGCAGTCAAGACTCTTCTTTTGTAGCTTAGGGTTTCAAGTGCCATGCGCCCTGTATACGCATAAGAACTTTTTCCCGGACTCGTCTTATGAACAGCTGTGTGGGTAGAGTTCCCCACTAATTGAGTCCAACCGGCGACCATCATTAGAAATTTTTGGAGACTTGTTGCACGGTAACATATCGTCTTGACAGCTCCTATATAGCAATACATTGCCGTCTCAGAATCCCGCTTCCCACCGGTTTATCCGCCCTGCGTTAGGCGTTACTACAACCTCTAGAGTGTGGTTACTTAATCTCTCATTTAGGTCCAGCCTGGGACGTAACTACGTAGCTACTTCCCCCCCGGTGGTACAACGGACAAGCCTACTTATGTTGACAAGGGCTCTATTTATACGGAATTGTATTGCTCTGGATTCTAAACAGCAAGATTAAGGGCGTATTCTTACCGAGGCTAAAGGCCTCGTAGGTATCTCTAATAGAAGGTGCGATAACGACCATGCTCTTACTGATGCGGTTTTGATAGGAACTACCATGTGACCAAGTTAGACCGCTCTCCTGCTACCCTGAGACTGAGATGGGACTGCGAGAGTGCTGTGAGTTAAGTTATTAGGTATAGTTTCGCGCCGCAAAACAAGCGAAGTGCGTTCTGGAGTTATGGGAACAGGCTATCCAGTAGCCGTGTGGAGTTTCTGCGTCTCATCGGTACATGAACTCGTCAATAACATCATGCTGATTAGGGCGGCCCGAATGTCCATGAAGGCGGTTCATCACGTTAGTTGGGTGTCTCGTCCTGC,GTGGGATGAAGCTTGGAAATGGGATCACCGGGTGACGATAGAAACCCGTCGGAGTACGGCGCTAAACGATCGGGAGGCTAGCACCGGGCCAACCAGCGACGGTGAGGTAGGGGAATCAGTGGGGGGAAATCTTCTAAGGTCACAAGGAGCCACTGGATAGTACATATTGTTCCCTCCGCGCTACGGATCTTGAAATCGTTGCGCCCCGTTGATTAATATGATCAAACTCGAAGTGTAGGGCATCGGACGTTAGCACACTGTCTACAGAGGTTACCGCATCCGCGCAGCACTGTTAGACACTAACCATTTCCCACACACCTAGAATTGGAACTAAACTGTCTCTTTCGCCAAGCAATCTAAAGGCCAAAAGCCTGCGGTCGAAAATGCATTCGTCGTGTCAACGTCCTATCTCTGGACGAGTGTGTCGTGCGATGTTTATTAGACCAATGATCCTAACTATCGCCGAAATACCGGGTCATTTGCTACAACCTTGCAGCTTCAGCACTGAACTCGTAATCGGTACCTCCCAGGAAGCCCTGTTTTGAAAATCCAACCTTACGCCGCTGCAAGCCCCAGTGAGCTACGTAGCCAACCTGGCCGGTTAGAGCATGGTATAAACGAACACACTCCGTCGATGCTATAGGAGAGTCGCAACACTGAATCTGATAATTGGCCAGCTCAGGCCAAACTACTTCGTGATACGGCAAAATTTCGTCCCCAGGGGCTGTCGTTCAGCCGTTCTAATTAATGAAGTAGTTGGGGACGTAACGATAAATATTACTATCGTATTTTCACAATTCGCATGTCTTAGAGCGACTATCTTTAGATTTGATACAGATGCTGAGTAGGCAGACCAATACTAGCTTTGAGCATCCAACGCGTATACCAAACGTTGATCTTTCCTGGCAGAAAACATGTCAACGGACATCGGGTACCGCGTCCACCAACCGCTTCTGGTCACCGGAACAGCGTTACGATCTAGTATGTAGACACAGTTGTG,AACCTATGGTTCTTGCCTGGCATCCTAATCGGGTTACAGGTCCCAAATTCCATCACCACTAAACCCCTGTGTTCTAGACGATGTTTATAGTTCCATTGTGACAAGCAACTAGACCCTCACGTTAGTGCAGTCAGATAGACGGTATCTTGGGGGCCTCTTACACACCAGGTCGTAATCAATCCCTGGACGGATCCGCCGGTACTCGGTGTGCAAGACACAGACGAGGTAATAATGTTTCACATTCGTGACCTCTTTAATATCTAGCTAAACCGCTCTGGGACTACATTTCCCAGTCTGTGCCGGTGTATCGAATGGGGGAGTTAATATAAGCCGTGCTGCCATCAGAGACACAGGTGCTGGCCAGTTTATGCCTAATCAGGTCGCGTGGGCGTTCGGGTTAGCAGTTTCGTCCCTCCTACCGCTCACTATGAACTGCTACACCTCATGATATATGTGAGTTTCAAATAGGAAGAAGTGGCTCTCTATTGGCTGGTCATAAGGAAAGGCCAGTACGAGTGAGCGCATCGCTAGAAGGTTATGTCGCTCGTCCAAGCTTTCGGCGTTGCTTTGACAGGTAGCGGCGCTCTATGCTGCCTAGTTACATACTTCGTTTGCTGGCTCACACGGAGGCCGTTACCTATCTTAGGGAGGACGAGATGGGTCTTCTCGGACTCTGATTCACCCTCCAACTCTGACGTTACAGTCACGTTGAGTAATTGAGCCAGTCTGACTGTAGGACGTAAACATCCCCCAGAATCCGCGCTAACTTACGAGGGGATTTGGGCGCAGGAGTTAACCATAAAAGTATCCTAGCTGCGTGCGCGTGTACCCAGGTACTGAACTTATCCAACGGAGGTATGGATGTGTACTACAGCGCAGACAAGGGAACTATCTCTAATTCGAGCCCTGGGGCTCAAAAGTGAACATGCAGACGGAAGATGTGTACGTCTTCCAACATAATTGTTCGTCGCTGGTGAATTATTCCTCAATTTCCCACTGC
