P1_ID,P1_Gender,P1_Chromosome_1,P1_Chromosome_2,P1_Chromosome_3,P1_Chromosome_4,P1_Chromosome_5,P1_Chromosome_6,P1_Chromosome_7,P1_Chromosome_8,P1_Chromosome_9,P1_Chromosome_10,P1_Chromosome_11,P1_Chromosome_12,P1_Chromosome_13,P1_Chromosome_14,P1_Chromosome_15,P1_Chromosome_16,P1_Chromosome_17,P1_Chromosome_18,P1_Chromosome_19,P1_Chromosome_20,P1_Chromosome_21,P1_Chromosome_22,P1_Chromosome_X,P1_Chromosome_Y,P2_ID,P2_Gender,P2_Chromosome_1,P2_Chromosome_2,P2_Chromosome_3,P2_Chromosome_4,P2_Chromosome_5,P2_Chromosome_6,P2_Chromosome_7,P2_Chromosome_8,P2_Chromosome_9,P2_Chromosome_10,P2_Chromosome_11,P2_Chromosome_12,P2_Chromosome_13,P2_Chromosome_14,P2_Chromosome_15,P2_Chromosome_16,P2_Chromosome_17,P2_Chromosome_18,P2_Chromosome_19,P2_Chromosome_20,P2_Chromosome_21,P2_Chromosome_22,P2_Chromosome_X,P2_Chromosome_Y,Child_ID,Child_Gender,Child_Chromosome_1,Child_Chromosome_2,Child_Chromosome_3,Child_Chromosome_4,Child_Chromosome_5,Child_Chromosome_6,Child_Chromosome_7,Child_Chromosome_8,Child_Chromosome_9,Child_Chromosome_10,Child_Chromosome_11,Child_Chromosome_12,Child_Chromosome_13,Child_Chromosome_14,Child_Chromosome_15,Child_Chromosome_16,Child_Chromosome_17,Child_Chromosome_18,Child_Chromosome_19,Child_Chromosome_20,Child_Chromosome_21,Child_Chromosome_22,Child_Chromosome_X,Child_Chromosome_Y
e6a14280-e049-41e8-8f2b-9ef0c3fcb122,F,ACATTGACCATCCCCAAAGTCATCGTTTTGAAGTCGTCCCATTGCTCGGGATCGACCCTAACCTTTGTGGCTGTAGGTTAGTCCTCAAGAATTACTGTCAGTGGGGAGGGACGCTAGCCTTGCATTCCTTAAAAAGCATATCGATCTAACGCGCATATGCACATCGCCAAGCTAGTCACTCAGGAGGAGGTAGTACCAGCAAGATGTAAAATTGATGTCTTTAGTCAAGCATTGAGTAGTCGTATGGCCTAAGGGGCTTCGTCTGGCCAACGGCTTTCTTTTGCTGTTTGAGTTAGCCTGGCGTAGCCGGTAAATTGACACTAGGCCTGGACTCGCTCGCAGGGCCCCCTTGTTAGAATGCAAGGCCTGTATCCCCTCTGCGGCGCCAGTCGTTCACAGGCTCGCGAAGCTGTGAAGGGGTCGAACCGATTGGATAATTACGTCACGGCAACATGATGATATTTGCGGCGGGTGCCAACGCGAATGGGCCGAATTCTAAATCTCAAGATTATCTCTCACGGAAGCAGAAAGATCTGGTGTTTTCGCGGCGCCACTTGAGGAACTCCGGCAAGTTTTCTTCAAATGTGCGCCGAGTGAGGCCCGACGTAGGACGGAAAAGGCTACATCAAGACTACTAGACCATCCCCGAGGGATGCCTTACAACGTTTACAGACGTTTGAGCGGACGGTTAGGTGTCGTCTACGAGAGAGTTGTACACGTACATGCCCCCCAAATTCTCAAAAATGCCGATTAGTCTTTACGACAGGGGTTTTCTATTACTTATGGCACCGCGTTGGAGTGGATTGCGACTGAAGGGAATTTTGGAGACGTTATCTATGCCACCGAGAAGAAGTCTACCGGTGGGATTCCAATTTGTTACTATGAAGACTTCTCATTCTCTTCGATATGTACTCACCGGTGAAGTCGCTGTATTTAATGCAAACCGGAAGTCACACCAGTCACAAATCAGAACAAGGGTGCGTAAACGCTAGGATGTTTA,TACGAAACCATCAGCGAGGGCTCGTTTAACCCCTGCCCGACTGGTTTCGAATGATTCTGCGTCAACCTACCAGAGACGGTAGTTAGGCCTCGGCCAAGAGACGCTCCTATACGAGATCGTAAGCACGCCTTAGGGGTAGTTCACCCCTAAGGACATCAATCTGGGATGGTTTGTGCCAGTATTGATAGTGTGCTCAATTGGTGATAAACACCCGGTACCTAGGACAGGTAACCGTCAGCCTTAAGGGCACGGCAAATCGCATACCGGCTCAATATCGATGCGACGGATCGTGACATATGTTAGGCTTGGTGGGGGGGCATACCAAACCTGCGGAGCTCGTTATCGCACGGTCTTAGAAGTATCAGTTAATGGCTGTGGTATAGGATCCCCATTAACCAAAAAGAACACAAATGATCGATAAAGAGCGGCGCTACAATAGGGTAGGTGATGGCTCTGATATTACCCTAGGTCCTCATCAGCCGGATTTTAAGATGAGTGTCAACCTTGGCGTAATGTTTAGAAATTGGAAGAAACAGTTTGTGCGGTACAGCCTGTATACGGCGTGGCATCGGGTTGGCCTAGTTGCTGAATAGTGTAGTTCTTAGGTATGTTATTAAAAATTTTCCCCGCCGCAGGACACAGATCGGTCTTACCTGCCTCCGTGATGATCGATGTCAAAAGGAAACTGTGAAGCTACAGATCCATGGGAGGGAACTGTTCCCGCCGCATCGTGAGTCAGTAAATTGCCGAGTGGGGAACATTCAATATCGGTCAGCAACCCAGTGTTCGGGACCTTAAAAACCATTAGGCGCCACCTAGTCCTACGCACCCGGGCTCGAGTCAACTTGCCCCAGCAAAAGGAATCTCCGAAGTACTATTTCGAACTAGCACCAACCGATTCATACGCATGATTGCTTACGAGATGCGTGATCAGGATGAGAAACAGAACTTTCTAGAACCTCATGCTAGCCAAAGGCAAGCGGCTGCATGAATGCGTTGG,AGGGATCATGATGTCGCTTCACAAGGCCAGTGTCCTATTTCCGGGGTCCACTCTGTAAAGTAAGTATCGGACCTTTGAGGACTAACAGGTTATAAGAGCGTGTTTAGTCAACGGATGCGAATCCACGCGCACCCAGAGAATCGTGCAGCGGGGTGACAGTAAGCTCGGAGATGTAGATGCCTCGGAAAGATATACATCGCTCAAACAACTTTAGCACCCGTTTCGAGATATCGCCAGGGTTGCATACAGTCTATGGCCAGGATGCATCCCGAAAGCCTTTTGGATTTCGACCTTCGTAGTCAGACATAAGGTAATTTGGTTTACAATGAACCCAGGTCAGTTATTGGACATTGTGGCCGGGTAACAAAGCCTAGCGTATGTATTAATGTGGCCTCAGGGTTAATCAGACGGTTGTCGGGCTCGACGCGTGGTTAAACACGAATTGTAAGCGAACTTGCCCCTATATGGTGGTGCACACCCCGTTGTCATCGAGAATCCTCAGAGCTATCCTAGCGCTAGTTAGCGCAAATATACTTGTCTTTCCTACCGGCTAGCACACCGTACGCATTATGTACCACTACCACGAAGGCAGTTCTACAAGTCCCGGACTTGAGCACACTGGGAGCTGGCCCACACGTCCCTGTTCAATATGTCCTGTCACAACGATTCTGATAAAATATACTATGCAACCTTAAGTATTTTATATCGCATCACCTAAGCGCTGAGAATTGCGTCGAATCACTTCACTCCACGCGTCGATCTACTGGGGGAGCGCTGAACCTTAATAGTCGTGGCTACTGCTTTCTCTGAACTGCGCAAATACCTAGGGCCGTATAGATCCATGACATAGGGGTTTGTCACCATAGCACGTAGATCCGACGCTAAAGCGACTTCCCGCGGTGGGTTAGGCATGGGTCCACTATTTATTAGATATCAATTCCCGACGACTGAATCTCTATGACTTACCGTAAAAAGCTGCGACTAACATAAGAACATGGTA,CAGCAGTCACCTAGTACCGACGCTCCATCGCAATGAAATTCGTAGATTCCGCCCGGACTCCACTTTGCGGCGTGGATGTGCCAATAAAGTCAGATAAGGAAGCTTTTCTATGAGAAGAGACCCCAACGTCCACCTGCATGAAACTGTAGACTTGTCAGAGACAACAAACCAAACTCAACCGAAAGATTGGGTTCGTTATTGCCGTTTATCAATACTTTATAAGCGCTCCCCTTTTGCGTAAAGTGCTCAATCTAGGGTCAAGAAGGATCAATAGTCACTTGGAGCGCCTGTTTATGTCACAGGTACAATACATTCACTCTACACTCGAGGATAAAAATTCCTCACGACTTCCATGCTCTGAAGGCTTCCCACCTTATACTTAGTACCGTGATCCCACCTGCCACGGCCAATGCCACTCACCAGCGTAGACCACGTGTAATCCTGCGAGGTATCTGCTCATCGTCCACCTTATGTCCTAGTTGATGAAATCTCGAAATGCTGCGGATAAAGCACTCCGCAAGCATTTGAGTGACGACCCGGGGGCTTTAGGTGGCCTGCTGTACGTAGGCAACAGACCTAGTTTACACTATACCCATTCCGCGTTTTTGTACCGCAGGAAGAACTTAACACTCGGAGTTAATCGTGTCGTGGGGCTGTGCGGTTGTAGGTATAAGGTCGGAAGAGATGACAATTGTGCCGTGGTCGGTACTGGGTGGGTTGTCAAAGCTACCGCGACGACACTTCACATGGAGTCAGAGAACTAGTGATTGGTTCACTGCTGAAAGATCCGGGTCCCGACTCGAAAAGGCGGTTCGACACAGTCAACCGTAATCAGCCTTCTTCCGGGAGGATGCGGCAGTATAATCATGCGTATTTGAGCAGTTCACTGCGCTGTTGTTTGATCTGCTAATTATGCTTGATATGGGAAACGGCTTCTGCTGGCGAATCGCCCAGCGAGTTCGTCTTTGTTAAGAAATTCAATCACAAGACCCCGGGCCGT,GCAGATCCTGCTAGTCGGCGTCATTTTGTGCGCGCAGGCGAATTCCTAATCACTCGTCTCTGTGTGAGCCAGTACTCATTGTGTTGGACCGAGCATCCGCGATGACGTCGCACCGTCATGACAACTCCTCAGCCATTGTCAGGGATAATTTGGTCTAACCGTCGTTCCAATGCAATTATCCGCCATCCTTTCTACACGGACGATCATTGGAATAATAGACAGTCGACCATAAGAGGTTTTGATCGCGACGGGCGATGTGCGAATTGATAGGGGGGATGTACGGACTCATATGTTACATAAACCTGATCAGTCTATCGCTCGTAATACGGAGGGGTCAAGGGTCTACCTGCTCGGGAGGCATGGGTTCTTTCGAGCACCACGCCCCCTCAATTAGGTTGGTCATTTTGGTTATCTAATAACGCCCATGCGTTGTCAGCAGAAACACAGCGGCCATAGATAATGGAGGTCTTTTACGGTGGCGGGACTGCACGACCGTGTCATAGTTGTTCTTTACCCCTCAATCTCTCGGACATGTCTCGCGGATGGAGACGTCCTACTAGCCAAGACTCCTTTATTTAGTTAACGGCTCGCCTAGCTTTATATCTTCCGATAAAACTCTCCCGTGAGTACCGGGTGTGCCACTCTCTTCACCTATAAGCCATGTGCGGCGTTACAAACAGGCGTAAGGGACTCTTTGTCCTGATACCAATCGCAGCCTTACAGAGACGACACCCCACTGGGCCCGTATGCCTTGCTTGCTCCTACCAGCTGTTCGGTTCAGTGCTGTGCTATTAGAAGTGAGGACGTATATATTACTCGGACGAGTGGGCAGCACTTAGCGGTAGTTATCCCGACGGGAAAGTCGATGTGGGTGAATCATCTCATACATGATGGACTCGACAATCAACTCTAAACAACGACCCCCAGGTTCGCCATCCAGTCACCCTTAGGCATCGAGGTCGAGGATCCTAGACATGGGCTGCCTATGAGTGGGGCCGTG,ACGATAGGTTAGGAAGCTTCTCGTACAGGTGTGTATGGAATGAATTAAGAGAGGCGTAAGGGCAGCGTTGAGGTGATGGCCCCAGGGAGTAAGGTCCGAAACGATAGTTATAAGCAGCCCACATTTCTGGACACGTTATTAGTTAGGTTATAATAGTTTAAGTCGTGAGGGACTTGTCTGTCAAATAATACTCGGTATTCACGCCATAGATTAGCCGAGAGCATAACCTAAGACTAGCTATCCGCGTCTGAGGGAAGTGGGTAGCGGGACGAGCTAGCAATAAGGCAAGTAACTTTAGGTCCTGCAGTTCTACGAGTGATCACTAAGAGTACAATATGCCGCTGTCCATACAGGCGCAGTGTCTGTGATTGGGCATTGGTTCTTTGGGTACAACACGATCAAGTAAGCCCTATGCACGGAGCGTTAACGTTCAAACACTAAGCTTTCAAGACCTAAGATATGTGTTAGTAGACTTAAAGTAGAGGAGGGCTGAGGATTACATGCTATCGACGATCGGTAAGCCTAAGTACGAAAGAAGTCATGAAGATTGTTAAAGCCCTCGAACTTGTCGCCCTTTTCGTAGCGCGGAAGAGAGTTGAAACACCTATCTGCCGTTTCAAGTGTAGTGAGCAAGGCAGTAGGGACGAAGATATTCTTTGGATGAGACCTGGTCCATACTAGCTCGTAATTGAGTATTCACACTCCGCCGCTCAGCGCGTCAAGTACTGGACGTACGTCAGTACAGTCTATTGTCCATCACCGGTACTATCCTCGCCTATGCCCAGGATGCGTACATGTCTTATCTCCAACTTTACGACCCACCTCTTTGTTCCGAGCGTCAAACGATTAGAGTCACACCGGCGGCGTACATGGATAAGGATTTGGGCTCCTTTATGTCTGTGCGGCAATCTGAGTTCGCTAGAACGGCCTCAGCAGAACGTCCCTGGCGAATATATCGGAGGAGAGGGATGGGACAGTTACCTCGCTGGTGCTACTTGAG,TCAGAACAGGCCCCACAGAAATTGATATTGCGAGGCAATCCGCCATGGAACTGCCCGGTGTGTGATTGATCCTTTTGAGCACCACAAATATCTTACGATCCCGTTCTATTTTGTTCGTTGCCCATTGCAAGCCAGGTCCTTATTCTTGGTACATGGATCTGGGAGGGCAAGGAGCGGGTTTGTAACTACGGCGCATAGTTCGGATCTATCCTGTCCGTTTGGAGGCCCGTCATACCGCAATCACTAAAGTAGGGCTGAACCAACAGTATATCAGGTAAATAGTTCCCAGAACATATCCTCAGCCCCAGAGCTTAGGGGCATCTACCTCATAAGGCGACGAGACTGCTCGCGATTGGGTCATACGGCTATCAACCCAATAGTTCCGTGTTAGCTCAGGTTGCAACCGAAGACGATGAAAACAAGGGAAAAACAAATTGGAGGTGGACCATAGAATTAGCGTACGTGTACCTAGTTCTTCCCGCGTCCAGACCGGTAAAGCCGTTATGGTGGTGCGAACCGATGCGGGTTTACAAGCAGCACGTGTGGAGTTCATAGATGCGCTGAGAACACATCGTCGAACTTTCAGCGCCACGAATAAGCCTATGCAGTAAATCAGGCACTACCTGGCGACGCCCGGTTAATTTGCGAGCAGCCCAAGGTTGGAGCTCACATACCATCACACGGACCCCGACCTGGGTATCCCAATGTTTCCTTCGTGGCCACCTATTGCACATAGGCTACAGGGGTGACAGTATTCAAAGCAAATTCGACCGCGGCTATCTTGGGAGCCTCGTGAGGGAATGGAAACCCATCTAGTGATTCCAAATCATTGTAATGGGGCACCCCGAGATCCGAGAGTACAAAGGCTTCCGGGATTCGTCGACCAAACGCGGGGTAGGGATAGGTTTTAATCGACCTAGTGCTTCAGAGCCTTGGACACCGGTACAGAGCTTCACTATCGGTAATGAGTCCCACTTTTGTTTCTAACAGCATCAGTGCC,CTGGACAGGTGTCTAGGACTCCGATGATACTCGAGAGGTCTACAACAATGTAGCCGCCGTGAGCCCACTAGTCCAGTAACGTAGCCTTCCTAAATCATTTGCACGACCACCTACACGCGCGATTCCGTAGTCATCTATATATCCAGTACTGGCACGCGCCAGTATATGGATTCCGATAGTCTTCGTAGGCCGGTGTCATGATCCGCAAGCTCCTATTGACTTCTAACAATACGAAAGCGACTTTTCCAAGTCAAGGGTCGTGAAGAGACTCACTATAGACAGACATGACTTCTAGGTCAAGCGAACTCCGGACGAACCAGACCGGCAGTCTAGCATACCCCACTCTATTGGCTCTAATCGTCCGCTTGCCGTAACGGGTTTATATTCTCGTCTATTTTAATGAACCTTGCGCCCCATCCAACGCACCCGTCAGTTTTCTCTTGGTCTCTGAGTTGTGGATAAGTACGTAGTACCCCTGTGACATAAATACCGTTCATCAGCTCTAGCAACGGCTTCCCAGCTCCATTCCCAAGTCTTCTGCCATGTCCGTCTGAGCGGGATCCAGCAGCTCTTCACGAAGCCTCGCATGCACCACGTCATACTTGGGTGAAAGCACAGCTTGCATTCCTTCCGTATACGCACTCATATCAAATTACGTGGGATTTTACGCCATGCAATGTTGCTGATTTAACTGCGACCCTCGGGTATAGTGAGGCACATGGGCATCGTCATGTTCATATTTTCAGGAAAAATTTCAAATAAAGACTCATGCCAAACGGGCGACGGGGCTCTACATTGCCATACTTATTGCGTGTTTATAGTCTCCTACAACGATCCGTAGCATTACCGATCCATAGTAGCACAGTTCTCGTATCTACCGTATTAGTGCTGGTCCAATATTGGTTATTAGGGCAGTGCTTCGCAGGAGGTAAAGACGAGTCATACTCTATTCGAAAATCCACACTTAATCCAGGGGCGTATCAAATGTTAGCCAATAGAG,GGCCGTTATATGGAATGGGATTTGCCACAACCCGTGTTGTTGACGAGTGCAGCCCATCTTAGAAGTAGGGAGAGAGTTGGGTATTCTTACGACCGACAACCTTTCGAGATCCGTCTGTTGGAACGTTCGCTAGTGGAGCGTAGCACTCCGTGAATACGCCGAGTGCCAAGGGCGTGTGTAACCAACGACGAAGAAACGCTCTCTCAGCTAAATTCACGCGTTATGAAAGAATATGTTTATGAGAGGGATGTCGATAGACCAATGAACGGTCATATCCAACTACTGTAGCCACTGGGTTTTCGACGATGGTCAACTCAAACCGGGATTGCAGCTGGCATACGGTACTTATATTTGTCATTAAGTTTACTCGAGGGGATGACAAGGGAGTCACGGGACGAACTAAATCATATTGCAGAGCTGATATTGGTCCACTATCGCATAATCCGCTTCATTTGCACAGGGGTGGGCAGCAATCTTCAGACGAACGAGATGACCCGTTCGTTGTGATTGACACATTACGTCGAGCGCGGGGTTTAATTATTCCACGATACTTGGCCCTTTCTAGTACAGCTTCTCACAAATCCTAAGTATATCGGTAGTTGGTTTGGATGAGGGCCATTCTCTAATACCCATCAACAAATCGCCGCGCCAAGAAAAGCATTGCTATAGTATGGGGGACTCTACGCGCCTGGTGCTGACGATGTGATACACTAATTCCCGGTAAATCCCCTGACGCAGCCGTAAAAACCTTTACCATTTTGAATACAAGGGCATCTCCACCGCAGGTCTAAATTGTTAGTTCAAGCTTATTGAGTACGAATAAAGATACCAACGCCCACCTATGGCTGCGAGAACGGCATCTTCAGACCGCTGCGCGCAAACCTTCAGTGTAGACCTGAGTGTACTAATGTCTACTCGCTCAGATCAGGCTTACCTTAACCAGTACCCGTTGTCCTGCAGGCGTGAATCCTCGATAGGTACGCTAGACATTCAGCATGGC,GTAGAATTCTAGTCAACTACCGCTGTTCGAGTACAGTGAGATCGTCACCGAGCCGTCTGGTGAGCAAATAGTTCTTCTCGCTGTAGACGGATTCCCGTAAACAGATGGATAAGGTGGCCTAGGTGAGAGTCGTGAGGCTTGCGTATGTACGGCAACCGGGTTCAGTAGCTCGGCGGCCCCTTGTGCCGGTAGATTAGTAGATACCCGGAACGGGCCCGCGTAGTCTGTCCGTGCACTATTTCCTAATAGTTCTGTCACCTTGTACGGTAAGGCCACCCTTTTTTCTGAAGTAAAACTTATTGCTTTGATACACAGGGGACCCCAGATGGCCTCAACTTCTGGCACGGTGAGAACTTCGTCGGTTGCTCCCTCAGGGTATTTCTTATGCAATAGTCGGGTAGGCATCTTAGCTCATCAATTCCTGAGAGTTCCCCTCGAATCAATATAAGCGAAGTGTGGAATAGTACAGCGGGTCTGCGGTCCCGGTATTGGCACCGTTCCTGCGGCTCAGTCCCCTTTATGGCGTTAGAATGGGCCCAGTGAACTACCGGCTGTCCATAGCTTTCTTCTACCCACATCAACTCTGGGACTTTTGTAAGCAATATGAGTTTCGATCTGGATACCGAACCGAGGGCTAGGCTAGTGACGTCCTACCTGCCGGCCGTGAAAGAGCCTGCTAGCTTACGATCAAGGATTCTCCACTAACGGGAATTCCCGCCATATTGGGCGACGATACCCCACCAGTATGACGGACCTCTTAATTGATGGCCTGGGTATCTTTCATTTCTAAAATGGATCGTTAGTCTGGCTCATCCTCTGCGCGACACGGTTGTGATATATGTGGGGTGGGGTCCAAAATAGTGCGACGTGCACGGTCGGGCAATAGTATTTTCTTGGCTAAAAGTGATGCCGACAACAGAAATGCGGCGGCGACGCGAAATTAGATCACCATGCGCCCCCTGCTCCACACACACAGCAACACCGTAGCCCCAGCCGTGTC,CACAACGAACCCATCACGAGCAAACTTACATGTTGGAATAGTCGCACAGCTAGACTACAATTTTGGTACAACCTTGAGCTGAGCACAGTCCGATACTTACATAGTGCACTCCCCATATGGTCCCCCCTACCAAGACTATGTATATCTCGAGCGGTGTCCGACCAATCTCCTTCAGGGTTGAAAGCAGTGGCGTGTTACCATGGAAGGTCGTCCACGGTTTATGAAGGTAGACAATAATGAAACATGGAATCAGGACGCTGTGTGAACCCGGATGCACCTAGTTGCAGTTGGCTTTCAGCTATGTGGACCAGCACCATGTGGAACGAACTTAAGCGTCAAGCTTCTACCCTAGACTTATCACGTCACCCGGCACCCAGAGGTAGCCGTATGAAACGCCGGAAACTGCAAGGAGTCCCGAGTTGAGTCCTGACAGTATCACTTCCACTATATACCGGTTGGCCCTTGTCATTGCTTAATGCTTAGAGTGACAAATATCATTTGTGTTTACCGTCCTATGCGGGGCACATCAAGCAAGTGATTGATGCACTTCAGCAAGGCCTTATTTCGGGAAACTACCAAACTTTTTGGAAGTTCTTAGCGGTCGGGTGCGGAGTAGCTGCACAGCGCGAGCACCCAGCGCATTCGGCAAGCTCCGCTCATGTGCTGCGAAGTAGCGGAGCCGAAATATCTACGGTTCGGTTTAAGACGGTCCATGCATCTTTCCTGCGTGACATCTTTGCGATGGTTTCCTTTCGAGGCCCCTCAGATGCCTGGCGTGTAGCATGTCCTGTATTGGTCCGTCGTAAGTCCCTACACGTCAATCAGGACGGGTTCAAACTGCGCACACTAGGCAAGCTGAGATGGTGATATGGCTCAGTCTCAGGGAATGGAGGGTAGAACGCTGCGCGTCACAGGCCTCCGCAGCTCTTTGTACAGCTGTTTCTGGAGAGGTAACCCTCCAACCGGGCGATACAGGGTTATGGGGTCATTTCGATTACTG,GAATGGGACTCGGTGTACTTGCAGCACGGTTGATTATCTAGGAACTGCGTGATAGTGCTGTTTCGAAGTGCGTCTTTGCCTGACGCACCAGGTGAATAGCCTTGAGGGCAGTGTCAGCCATAGAATCGTATCCTATCACCCTGAAGTATAATTTAATTATGGCTGGAAATTCTCTTCGTCTCCATCCACGCTTCAGGACATGAGTATGGGAACGTTTAAGGAGTGATGCGAGTGTCAAGGTTGACAAAGATAAGAACATGAGCGTAGGCGACGGTGGCACGGCCGCCGAGGACAGATCGGCCATAGCCTAGTATGACACAGACAACTGTCTGGCGCGCGACGAGTGGCTCTACAGGGCCACTTCAAGCGGACAGTCAGTGTCGTTTCTCGTCAATCTGGCGCCACCGATACTTGCGCACGTACAGCCCACCCACGGTTAACATGCTGCGACTAAGGTCTCTACATTCATTGCGCCCGTCCGTCAGGGGCATCTTCTATGCAGCTCCGTATGGCGATACCGGAACCCCTTCCTTACATTACTTAGACTTTTGGGAGTGGGTGGTCTGGGCATAACGCCTCGAGCTTTGCAATCCTTCTGCCTAGCTCTTCCAGCATTTAGACCACCCATGGCACTCTACAAGTCGTCAATCGCCCGGTTTGAAAAAATATGTGGAGTAAAGCACAAAGACCGCAGATATATTCAATTTTCTTGAACTAATTATCTGTATGCTCCGAGGGAAAAGGCCTCTCACGGACGCACGGGGATAGTCGAACGGTCAGCAACTCTTTGATATTAGTCCGACACCGATCACACCATACATTGTCGATAGCTCCCATGCGGAGCCTCCCGATGATCGCTCATTTCCATGAGACGGGGTTAAAGTTTGACAGGATTGCAGTCGTTAAGCCAAGAGTAAGTGTAGTGGAAAGGGACGTAGGCCGCATACGCAAATATAACATACAGGCGCTTTCTTAACGCGCCTTATGGGTGCTTTGTCAT,TTTGCGCGCCCAAAAACAGCGGGCAAGATGACACTCAACGATGTCATCATAAACTATCTGTTGCATTCTAATGATGCCCACCAGTCTCTCTGAAAGACCATTTTAGCTCAATCTACGCTTACAAAATCAGTCATGTGTTGGCGGATGTCGCCCAGTATCTAATCCATAGGGTTATACCCGCGAGTAAATGCGTAATCCGAATGCTTACCACACCGGTAGGGCCTAGAGGGCTGACGAATGTCAGTCGAGAATCGGGAAGAACAGGTACTGTCCCGTGATACCCCGCCCTGGATGGTGGCAACCCTTACGATGTGAGGGTCAGCGCACGGGGACTAAGAGCGTAGCGGGAGATAAAGCACACTCCCAAACTGGCGAAACCCTCTGAACGTTTCAAAAGACACGGAGAATACTGATCTGTATCCTGCCGATAGTCTCTTATAATCGCCTCAACCCAGCGCAAAAGGTACGAGCCACTTTTTATTAGGCGCCAATCGCCAGCCTGAGACGTCAGTCAGCGCTTATTTTTCCCTTACATTACCACCGAATAGTTGTGACCAAGTGATACGGTGTAAACCTTCTCGCGCTTAGGTCAAACAATTCTAGCAACATGCACCCGGGCTGAGTAAGCCCCAGAGCGAGCGCCAGCAACTAGATGCCATGAAAGAGGCTACGTCTGTAGATGTCCTTACAGTAGGTCCTCTTATTCGTTAGACATGCGGGCCGTGAAAGGTTCGTGTCCGCGAGTGCTAGACCGAGTGCTACCTTGCCCTAGACATGCACTATTAAGATACCTATTCGGCACTGAGTCACAAATTTGCCGCCAAAGGGCGACACACGGTGTTAGCGATTTGACTCATCAGACGAACTGGATGGATTATACGGCAAGTGTTAAGTGGGACTTTCATCCACGTGACGTAACGGGGGCCATGTCTCATGCGTACAACGCCGTTCCTGCGAGGAGGCGCGGTTAACAAAGAACGGCTGGTTGTTGTTAGAGCCA,TCGTTTAGCCTGCACATGATCTGTGTAACACGAGACGTCAAAAGAACTCTCCGGGTCTTCCTGTAGCGTTGTGGACATGAGACAATAGCACTTGCATGTCTATCCAGCTATGGTAGCTAACTCGTGTACAGGGTAATCCGATGCAACGTGGGTGCGTATGCTAACCACGACGTATAAAGTTTCCACGTATTGCGCAGGTGTGCTTTGATTTCTGAGTATTCTACACAGTGTCCTACTGTTAAACGTAAAAGAACGGTAACAGATTTATAAGAATCCGTAATCCATATCTGTCAAGATGCCCCGAAAGCTTCCAGAGACCAGTGCCTCACTCCTAAGTTCCTATTTGTCCCTCCTCTTTAGCAGATTAGCGCGAGTTATAAGGTCATCACACACCGATGACGTTAGCTCCACCTACAATGTAAGTCAGACCCTAGAAGATTCCGAGCCCTCTCCCTTTCGCGTACATCAGGGACCTACTCAGCGACTCTGCATGAGAGGGCGATGTGGGCTACCCCACAAGTTCCCAGGGTAAGCGGTTGGTTGCTTCAGGTCCAGAAGGGGAGTCTCTGATGCCTCTACTGCCTAAGACGGACAGTCCCAGCAAAAACGTACGTCGCTACTTTTACTTTTTACCAAAGATCACTCGGTTACCATGGTGGCGTGTGGGACTGCGCGCGGAAGTCCGTATGGGCCATTGCGCGACCAGGGGTCGTCGTCCCCCACTTTTCGGTAAGACAGCCCAGGGTTGCACTGACTGCTAGAGTCAGATGAGTATGTCATTCGTACAGGGCAGTCGTAGACACCCTATGGTCTCTTTAGCGCTCGCCGGTCCTGCTAACCTAAGTCGTGTGGGATGCACAATCAGTGGCCATTAAGACGATGTTGATTCAGGGGTACCTAAAAATCTGCATTTGCCGAGGGAGCGGGTAAAAAATCTTTTAGCGTTTGACCTCGTGGGTTGTTCTTTCGTTACGAATGTCATTGACTCAATGTTCGCATC,CCGGCTGTAGCTAGAGTCAACCCATCGGAACCAAGCGCACCGGGACAGGGCGTATCCCTGCCACCGTTTAGCGACGTGTCGCCTGAAGGCTGAGAAATATTACTTTCCTATACCCGTAATGCGGTAGAAGATGGTAGGTCCTCTCTAGCGACTTGGGCTGCTTCGGAGGGTAAGTGGGAGAATAGATTCTAATATCGGATGGGTACGCGACACTATGCAAGCTACGGAACTTTGCATGCGGTATCTGATTCGGGGCTGACTGTCTGAGGAGGCATAGGACACACTAGCCTAGGGAGGTCCGGTGGGATACTGCCGAGGGAGGTGTCAAGAATCTCTGCTCATGGTTCTCTACTGACATTTGCAAATCAGAGGTGGTACTTACGCAAGGCATATATGAGCGCGCGCATTCTGAAATCTACGTCCAGTGGGGTTCTCCAAGATAAAGTTACAAATAAGGGGACTTGGAACCCTGGAGGAACGATGGCTTTCATGGTACATTGGGCGCGCTGTAAGGCATCATCATCTTATATTCAAGGGATACGGGCCATCTATGGCCCTAATCCACTGTCACCCACTTAATGCGGGGGATGCAGGATCCTCACTTTCAAGGATCTTTAAAAACGCCCATGTCAGCAACTAGAACATTACGTCCAAGAGCGTTATGTGTCCGGGCTGTATCCACTTAAGCAATGACCCGGTCTAGCCCCACAGTCGTTTCGACGAGGTTTAGAGGAACACATTGCTCTCGGAAGCTATACAACAAGGTACGGTCATCTGCCGATTGTGAGCACATTAGTGGGAAGGGAAAGTGATCCGGCGAGAAAACCTACCCGTCTAAACAGCTCCCACTATGGGTCGGTGTCACGGCTATTCAGCACTGATTATCCACGCCACACGTTTAATCATTATTCCAACTAGCGGATCCGTAAGGACCCGTCGCTGGCGGTTTCCCGTACGTTGGGCCATTAAGATGGTGAGACCAAGCGATTCCAATAGCCCC,TAACTCGGATCAGAGTGACAGCGTTCTGAGTGCAACTGTACCAGTGGTAGGTTTGGGTGTTAGCTGGAGACCCGCTAGTTCTAATGTCTATTCGATACCATCTACAGGACCTCTTAACTCGAGGCTTAGCAGCGCCGCGGGTCAAAAGAATTAGAGGGGATGTCAAAGTCTAACCTCTGAATTCCCACAAGCACACTCCGTTCTGTAGTGGGTGTCCCATGGACTCTGTATCACTCGCAAGCCGCGAGCGTGACTGAGATTAGGGTCAGAGCCGTTCCTGGATATTAGTTCCTAGGTACATTTCCGTCGCCACTTTTCCGGACGAGTCATGTGCTATGAATATCGCTGGACACGAGCGGGTCATATTATGTACACACATAAATAGCCTAGTGATTTCGATAAAGATACTCTGACTTCATTTTTCCCAATTTTCTATCCGGCTTGTAGAATACTGGTCGCTTTAGTGACACAAGCAGTCGTGGCTGAAGTGATACCGCTAACAGCCCCGACCAGCCACGGTATGCCGATTCCTGTCCCATTTTCAAAATCGCTAAACACGGTGAGTCAATTTTGTGAGCTCATCCTGGATCCAGCGGGCTTGACCCCCCCACCTCCCTATAAGACGTCTTCCGTCACCGTAAGAAAGTATTATAACTCCTTTGTGAACCCTTCATCCTGGACTTTAGAGCCTGGGCTACTCTGAGCTTCGCTTACATTATACAACCCTTGAACGAAACCGTCGACTGGTTCAGCGGGGATCTTAATTTATACAGGTGTCCCTGTCTGTAGCTAGGTTAAAAGTCGCGACTGGCTGAGTCCACGGTTACTGGCTGCACATTTCCGTGGAATGCCTCACAGTACGGAATGACGTCATTTTAATGGTCTGCTTCACGACCCTAAATCTACCTGAGCCTAGCACTAATCTCCTCGGGTGGATCAGGCCTTGCCCGTGGTCTTTGGTCCAGCTAGGCAGGTCGACCTTGCTACTCGTTTGAAGAAT,TCCAATGACGCATATTCCTTCCTCTACTTCCTAACGCACCTATTTCGCTGCACGGCAGAACTATCAGTACTCAGAGTATCCGGCCGGCAGTCTCGACAAAAACTGATACTGCAAGGGAGATTCACTCGGGGTGGTCTCGATGTTACAATAATATGGGGAGCCAAGCCTTTAGAGATTACAAGCTACAGGGGAATTGAGAATATAGGGAGTGATTCATGAACATGCGAAAGTTATTTGTTACTCGTGCCTCACGATGCATGTACGGGTCTGATTGAGAGTGGATCGCAGGGCGCAATTCACTTGGAAGTGTTAAATCTAACTGTGGATTTTACCACCTATGCTGTGCGAGAAAGTTCTAGCTTAATGAAATTCATAAGTCATACAGCCCACCGAGACGACACTAGGGAAGCAAACGCTGGGACGATGGACCAGATATCAGCCATAATTTTGTAAGCACCTCAACAATTTCCCGAATCAAATTGCGTTCAGGGCGGCATAGTTTCGAATTGTATAAGAGATAAACTCTCTGTATAGTATAGGCGCAGACATCTCCTGCGAGCTAAAAGCCTGAGCACCGCTATTCAATAATGGGGTAGCGATAGAACTACCTCATAGCAATTCCAACTGCGGGAGATCATGATTAGAGACGCAAAACATAATTTCTCAACCACTGTGTATTATGTACTGTATGCATACACAAGATATGACCTAACGCATTATGTCCCTCCGCATGGTTATTGTGGGGGTGCTCGAGGCACACCTTTAGTCTTAACGGATAGACACATCCAGCCTCTAATTGCATAGGGCCAGCTGAGCTGTTTTACTAGTCGCCCTCACAATCGACCACGCCAGTGGCAGCCATCGAACACGTACGAATACTGCACCTTTTCCGTTCGGTAACTCCATATTGTCCGAGTGATCTCTATCAGCCGCGTGTACGAGCCATAGAATACTGCGATTTAACACTGCGACCCCTGACATGATTACCACGCTTACGATC,GGTATATCTAGTCGCTGGGTACAATTACAAGGTGGCGCGTTCCATACCTATTTACTTGTCTGCATGCTCGCCAGAGTTGCTTTCTAGGGGGGACAATGCGGCTACTCAAAATCCTGCCTGCATGATCCGTCACAGAATCTAACAGAATGGAGAATCAAGCAAGAGAGAATTCTTAAGGTATGAGGAAACCACATCACTCGCATGCTTCACCAAGGTGCTCACCCCAGTGAATAGGTTCCCATCGAGCTATTTACTCCTATGAAACATGTGCTAAGGTAGACGATCGCTAAGTTATCCACAAAACGTACGCTAGTGTCAAGCGCCGTCCTCAACTGTATGAGTGAGAGGTGTCTGGCAATCGTCCCCGCGTAAGTTAATCCCAAAAGAGCATCTCAGGTGTTTGTTCTGAGCCTGGCTTCCAGCTGTTTAGTGGAAATATTAAACAACACCGATGTAGCCTGGATATAGATGCCAGTAGGATCGCTTTAGCTCGACAATGACGCTTGGTCGCAGAACGTGAGCCTAGGGAGCTCATTCACGTAGGCGATGACGCTGGAATTAGTCAATCTGGAGTCGTTCTGCACACTTTACTGCGTTACTGCGATCTTGGTAAGAAGCCGGGCGAGATCCAAGACAGCTTCGCGTGGTTTGTTCAGACTGAAGCAAAATATGAGTGTGGGAGTGGGCTCGGTGCTTTGCTGTTGCGGTTGTGGTCTCGCTCCTCTTCGGATGAACTCAGAAAACCTTAACAAGAGTGTGGTTGCACGATATCGGGCCAGACACGTGATAGTCGATCTTCAAGACCTCATGCGGACGACGCGGAGCGTGTGCTAGTGGGCTATATCCGCTACTAGAACTAAGGGGGGCAATTTCTTATTGCCATGCGTAACGAAGATAATGAGTTGCCTAGTTGCAGTTAGGCAGCGTTTCAGGGGAGGGAAACCCTCTGGAACCCCACTAGGAAGTCGTCCCTACAATTAACAAGAGCGGTGGCTTCCTC,GCGCGCGACTTAACAGACGACCAGCTACAGTCAGATGTTGGTGCTTAGCCTACTCTTAAACTCAAGCCTCGTTCTGCATTATACCTAATAAGTAGGTTCCGCAGACTCTAGGACAAACCGGGGCGACGGTAGTACGGTGGCTCCCCCGACCCCTGTTGCACTGAGACGTGCATTACAGGCCTTACGTCGATAACAACATTATGATACAGGCAGGGGGATCCCCATCAGGCTGTGTTACTATAATCGCTGCAATTCTAACGTCGACCCAGGGCGACGGACAGCTAACCAAAGGAACTATGATGCGTACAATTAATACGGTGTAGGACGCACTACCGCTACCCTGACCAGGCCGCCTATCCGGAAGGCGAGATAGGCAATATAACGCGAAGAGGCAGGTGCGCACAGGCGATACGCTCCTAAGAGGATCGGCGCAGGCGTGTCTCCTATCAGGCGAGGTGAAATACATACGAGATATCGCTCGCCTGCGCATAATCACCATGAAGGTCACCTCTAAATACATCGCCCATAGTCCGGCTTCTACTTCAACAATCAATCTAGACCCGCCGGGCCTGGGTACCTTGTACTAATCGAGTGTCTACGCAGGGTCAGACGTGAATGGCCCAATACACGTGTAAAGCCACCTTGGAAATCCCCCCCTGAAAAAGTCCCGCGGGACGACGATCCCGTTAAGATTACAGTCCGAAAGGTGCGGATGCCCTGCTCCAAGCTCCTAAACAACAGGTCGATAGTACCAAAGACCGCGTGAGTTTTCAGGACTGAGGTATGAACACGACACTTAGACCTTCGGGGTACTATTCTAAACGATGCTATATACGCTCCTTGAATCCCCACATACACCAATACTGATGATTTCGCTGACGATGACAACATTTATGTTTACCTGTCTCGATCGGTCTTTCTGACCCCGTACATGCGATAAGAGACAACTTACGCAACCCGGTTTTACCACCACTAGTAACAACCTGCGAACGAATTTCTG,TTACGCCAGAAGGAACTTTACTCCCTCCTATTCTTTGCGGAGGCAGAATTAAGCCAAGACGTTATCGTGAACGCCCCGTCTTAAAATGCGGTTCCCGATGTCCAGTCGGAGGAGTATCCCCAGTAGAAATTACTTTATAAACTTTCAGGGTTTTCACACCCATCGGTTAATTGGATTGGAGTTCTTATCCAAAGAAGGGATGGATCCTGCACAGTCGATGGTAGCATATTCTACCGTTTAGCTTCGCCGGTCCGAACCACCACCGCCTAGCAAATACTCATGGCCATAAGCATCGCCTGCTGTGCACACGTGTTTCCCGAACTTGTCCTCCTAACCCAACATTGCACTCTACGCAGGGTGCACTCGTATTAGACCCGATCGAGCTACCAAGCTGGGGGTTTATCGGTTAACTTTAAAGATAAATTCCATTTGGCTGTTAACATCGACAGGAGTTAACGCGACGCCAAGCGGTACAACATCCTCTCATAGGCGTATCGACTTTCTCAGCTACGGGAATTAAAGAGACTCGCGACAGCTATGCCATGATCCGACCAGATACTTCGTACGCACATGAGTGGTCGGGACTCAAGAGTTCGTACGACAGATCGATAACTTGAGTACAAGAGGCTTTGTTTCAGTTAGCCGTTCGTAAAGTGCAGTCTGCTCGGGCTAAACCCGGTTAAGATCGCTAACCAGTGTATACCTGAGAGAGTTTACTGATCCCGAGCAAGTAACTTCGTACGAAGGGGATTGCTATTGAGTATAGTATTTGCGCAGGCATTCAATCACGGGAAAAGATCATACAAGTGGCCAGGATGTCAGGATTCACAACGGTGATGACCTCCTCCTTTCCATCGTCCGGATGCAGGAGCCGAGTGGGTGGATAGCTTCTTGGAGAGAATGCATCGTAGAGGTGTCAGAAATTCTAAATTACGTTACCCTATATCATTTGTCCCCCACGCCGGAGCTATCCAATCTAAGCCAGTAATATGGGGTGCGC,ACTCGAGTCCGAGTCCGTCCAGGTACCCACTCAACACCTTGGATACTGGGGTACGTTTGATCTATTTGACGCCTAAAACAAAACGTCACATGTATCAGCCCACGTCGCTCTGTGAAGCACTCTAACTTGGCGTGGCAGGCATCTCTTTGTTTCTTCAGATCACTCTCCCCTCGCCGGCACGAGTATTAGCAGAAACCCGTCTCACGGCTCGCGAGGTGCAGGTTGAAAATTGTCACTTCATCGTACTCTCTGGAGAGTAGAGGGAGCTTAGCTGTTAAAGTTTATGCAGGAAACCACTTGTAGGTCCTATGGGAAGATCGGGGTATCCTGGACGGTTTACACCCACGAAATCCCCGGTCTACGGAACGTCGATAACGAGATGATTAGGGTCCTTGTAGGTTCCGATCGCCCACCGTTACAAACTCTTTCTACGCTTCTCGGGAATTGCGTCTAAGACCCGTAGAAACTCCCCCACCTCCCGCTATAGAGCTATATGTGGTTTCCTAACCATATATGCGTAGTCATACACCCCGACACGGTTAGTATCGGCTTTCGAGTACGATATGGATTATTGGCGGACTTAGGACCATCTTATAATATTCAACAGGTTCCGCGTCTGGGCGTCTTCCGCTCCATCATGGCGGTAGGCCCGCCGTCCACCTTGGATAGTTAGCACACGGACGTTGCAAGGCTGATCAGGACCCCATGCTTGAGACCCCGCACAGCGTGCTTATCAGTTACCACTCTAGGTTACCGGTAAATGTTATCGCCTGTAAATCTTGAGCCACAGGTATAAGGTTCTCAGCGTGCGACACTTTAACTAGCGAGGAAGTAGAGTGTCCTGGCCAATCATGTTTGTAGTGTTGCAGTAGTTCTTTGTGCTGCTGCGCTCACAACTTACGCCCAGCGGGCGAGCATCGATAGGGGTAGTAGAGGCGGTCACTTACCAATGGGCTTAGTGCACTGTTGGCGCGAATGCTAAGACAGGCGCGGCGGGCAC,AGTGACCCGCTTGCAATCTCGTCTCTTCACGGCATCGTGCCAGGTAGCCAACTCACGTCCGAAAACGTACTTTCCATGTCTGCGTTTTAGCATGCTACCTAAAAGGTTGTCTGCACAGTGCGGAATCTGGCAACATAAAGCGTAAAGATTATGCTAGCAATCTTTCTCTCAGAAGACATCAAGTCCGCACGCCCTATTCGATTATTTGTTCTAGTAAAGGCGGTGCGATCAAGTGAAAGAATCTGGAGTGGGCGTATCGGTTGGATTACTAGATTTGTAGCGCACGACCGTACATACTACAAAACCCAACAAGAACCCCAAGTGACCAACTGTCTATCGAAAATGGCTCATTTTGAGCCCAGGAGTCGAGAATCATTTCTGGTTCGGTGCCCGCCCAGCCTGCAGATCCACTAGTTCAATACCCCACTTGCAATTCGATACTGATGGATACGTTTTATTAAGGTCTCACCGAGGGGCGATTTTTTCTAGGTTAACATTGACATGGTGGGCCCTGTACGGGGCGCCTCATATACGACCTCTCAGTCACCCTATGCCCGCCATGCACAGTTGGGGATCGGTTAACCGAGTGTGGGACCCCGGTGGTAGGGGTGGGTATTTTGTCGGGATCGTGCTATCTTTGGTTATGTACGGCTATTTGCCTGTTTTCGATAGAAATAGTTTTTCGACCTTAACCGTAAGAGTATATTCAATCTTAATATTTTTATAGTACCCATATGATGCTGAGTGTTGTGGTCAAACTCATCGTTCAAGCCAGGGCTAGGGCAACGGCTCTACCTCGATGGGAACCAGTGGCGTCTGCAGTGGCAAAATTTTCACTAACGGCCTGTGGATGATAGTCCTAGGCTGCGCCGGCGATTACTTACCCTGGTTGGATAACCTAATTGTTGCCAAACTTGCCGTTCAGAGGGTGTATAAGTGCGTCTGGAAGCGCGTCCTTGGGTCAGTGCTCGTTGACAGACTTCTTGTTGCATCATCCTAT,AGTGTCGCGCTCAATCCAACTTGCCGCGCTGCTGCGTACTCTAGGCACTGAACCTACCTATTGGAACGCCTTGCCACCTGACCATCCTTGTATTTCAGAGTATTGACAACTCTTGACATTAGTGGCCCAGGTCTCGATGAGCGTGACAGAACCTCGTAAAACTATGTGCAATCGCGCAACGTTGTTTTCGTGCATCACCTGAGAGTACATTCGTTCGCAAGTCTCCGGCAGATTTGTCTATACCCTTGTAAGTAGAGGCACTAGTGCCACGGTCTCCTACGCATCCGGCAGCACGCCCGTTTATGGGTAGTCGTTAAAGGCCACTCCCACATGATAATGCTTCGGCAAATGAAAACAACAGACTAGACAGCTTGTCTAAGCACTCCCTCGTGGCTCCCGATACCCTCCGCACAGCTCGCCATTCACGAGCGTACAATAGCGTCATAATCGAGCGCCGTCCTGGAATTGGCGGTCGGTCACGCAGCCAGACACAATATTTTGCATGGAGGACGCGGCGCCATGCTCTTTGTGATCGGGGCCCACGGATCCAGAAAATCATAGTGTTGGCTTATTATCATGGTTGTCGGGTGATTAGTCGACCTCTTGTCATCACTGACTGTGTGTCAGGGGGCCAGGCAAGTCATAATACAGGTAACCATTATTCATCTTGCCCATAATATACGCTCCGACCTCATGGCGCATGGCTGATAAATGATAGCTCCGGTCCCTGGGGGAAGGTTGCGCATGATGGGCCTGTGCTATCCGGTAACGTCTAGGACACCACCGGGCTCTCTTGCGACCCACCTTCCGCTACAATGTGCAAGATGGATTACTCCTCCAGCCTGCATATTTGACACGCCGTGTCCCGTTTATGACCAAGCGTCAGTCCCGATTTCACTCTGTCTGATTGATAAGTTAATCAGTGAGCTCAGCGAGCTTCTTGTGACCTTGGTTGGAACGTAATCAAGTCGCAACTAGGAGCAAGCAGACTCTTCAAGAG,GATTATACCCGGTCCCAGGGCGAGAGTAATCCTACCCTGCTGCCCATGATACGAGAATAACTGGTCTATCACGTCCTGAAATCGGTGGGGACTCGCCGGCACATTGAGATGCCCTGAGCATTATGACGCAGATCGAAGTTTGCAACTGACAGATGTCGAAATCACACAGGAAACTAATTACACACCCTGCCTTTGGAGCATCCCAACCGCATCACCCGGTAAAACGTAAGTAGAGTTTGGGGTTGGTGCTGGAGAGCAGTAATATTGCGCCCTGCGGCTATGGATCGAATAACAGTGGCTGAGATTGTTGTTGCTAGCAATTCAAACTGGGTATTGACATTGGACTAGAACGATAGTCTGCAATCTAGAAAAGACTCCTAGACGGTGTCCCATAATCGGATACTCATCTGGCCAAATGCTCCGCGTAGTAGCCTCAAAGCAAGAATGTACGAATGCTATGCATGGCTGATTGTAATAGGATCTAAGCGCGTCGTCGGGGCCCGGCATCCTGCCGGATTCGAAGGGGGATCAGTTCGAATTCCTGCTACGCCCACTCCTAAAAACGTGATAGGGAAGTTCCTGGCAATACCTATTTGCTGGAAGAAATGCGCGCTGAAAAAGAGGACGGACTATAACCGACCTCAACTCAAGAGTGGTCCAGGAACTGAGACCCATGGCACATACAGTTGGAATCTTTCGGCGATGCCTACTGTATATCTGCTGCGCTTAGTCACGCCACCCACGCAAAGTTGGCAACTAAATAATGTCTATTACTCGGGGAGCGTGGTGGCGAATTTTTTCTCGCGCATGACGCAATTTTCGAGCTGATTCATGGCGAACTTATATCAGTCAATTTATGAATGACCCTAGCAGGTTTTAGGCGGGTCTGTCAACTAAGAATTTGATGACATGCTGAAATGTTAACGGTGGGCCACAGGGACTGATAGTCGGTAAGGATATACTGCTGATGCCCTAATCATACAACATAGGAAGTTTATAT,fb84a7eb-e752-4e21-b3f7-6e6d2bc08dee,M,CCCCCAGCGGAAGTTTAAAAGAAGATAGCTTCTTCGACGACTCTATAAGCGCATTAGACCCCATAGTACTATTCAAAAATGGAATGCGCACTTTTGCCTGTAATCAAAGAGTATTCAGCCAGGGGAGCCCGTAGCCCTGGCAACGTGGAAACGTCCTTGAAGAAACTACCGTGGGGCGCTTCTGTGATAAGCGTCAGCCGTGTTTTTCCCCCAGTTATGAGCGGCTAGTATTACGATCGACGAAGATTGGTTTTACTAGCTGATCCAAAGTAGTGGTTTTGAAAATACGGGGCGGCGATAAATGGCCCTTTCGGGCGGGACAACTCTAGAGGGAAGAGTGGATGCAAGGGCTTGGCGAGCGAGGGGAGCACCTGATCCCGGAGTTCTGGTTGGGGAATAAACCCTTGGAATTGTATAGTATGCGGAATTTACGAAATCAGCACCCATCCGCGGCTTTATGGGTATGCATTGCGAGGGTATAACAGTCAGCTACCCTATGGCTTTTTGCAAGAGCTAACATGCCGTCTGGAACTCCAACTTGTCTAAACTGAGCACGAAAGGGCCCCAAATGTTCCAGCTGGGTGTTGCTAGCAGGGTCCGTTCCGAGTGCTCATTAGGAATCTCAGTACATTTTGTCCCCCTATGCTTGTAGAACTCTGCTGAATACGCGAGGATCGCAGGCTGACGGGTATAGGCCTACGCGCTCCCCGGCAAGGGCTCATTATTTGAAGTTCCGCATTGCCCCAGGTCTGGACAGGGCCCGTGTTCCAATTCAGAATCCAGACGGGACCACCTCTCCTGATGGTAAATCCGGAACCCTACGCAGCCCTTAAATCCTAGAACAACTTTGATCAAGACCTCCCATGTTCAAATTTTTTTTCAACCGTTTCTTCCTAACCCTAGGTATGAAAACAGTCAACAGGCCCCTTGAGACCCTCGGCTTTAGAGGGGATCCGCGTAGGTATCCCCTTTGTATGTACGTAAGAGAGGCGATGAGACA,ACACACTGCTGTTACGCATGTTCGTCCGGCCCGCTCATAAACACGCGGATGAAAACATGTGTTTGCCAGCCGTGGTAGTGCATAGAGTGTCGAGGATAAGAGGTTTTACCAGAACAGTGCCACACAGATCATTGGACCACACCTACAGTATCCCCGGGTTCTATTGAAAGCAACGTCTCCGTAACTGATTATTGTTCATGTGTCACCGTGAAGGATTCTAGATTCATGACAATCGGAAGTTCTAAGTAGCTATGCAAGTATACTTTAGCGCGGGACTTTTTAATACAATGTCTACCAAACCCGGACAGTGAGCCCGTAAGCGATTATAAAGGTAAGGCGAGTGCACGGGTCCGCTAACAGTAGCAGTAACAACCGATAGAGCATCACTGCATCTGATCACCCGTCCTACACGATAAGTGTTTGGTGCCCGACACACTACAGGGTTTTTATGGGACTCTGTAATTTAGTTTCGGGCGACGTTGAATTTAGGGAGATGCGGACGTAGCGGTCAAAGGTTGGGGAGCACATAGGGAAGAGGGGATCGGTTTTAACGACGCGTGGACGTGAGTCGTGCTACGTCCGGTCGATAAGTGCGTTCCTGTCTATGTGAATTTGGTACCCCGCCGCGGGGAGTGGTGTTCGAAGCCCCGTAACAAAAATTCCTCTAGCCATATCTCGAGTCCTACGTAATGTGGGAGATGCCCCCGGAGTCTCAGTGGCGGCCTATTTGCTTGTGAGTGCCGTAGTGTGGAAGCGTTAGATCCCGTCTCTCTCCCGGGTCGGCTTTTATAGGCATGGCTAAATGACCTGGTCCGCGCTAGTAAGGCCCTTACCGAGGAGCTGTCTCCAACAGCTCCTTAGGAAAGGCCCGCCTCACGTAAGTTGCGCCAACCGGACTAGGCCCGACCCTGAGACACTGATTAGCCGGCATGGAAAATTATTCACCCAAGAAGACCTCGAGGACCGAGTAAGATCCGCAAAACCACATTACAAACGGGGA,GACCTGTCAGCAATCTGGGTTCAAAGGTTGCCGTCCACTGACCTTAATCGCCTCTGCAGAGTCAGGCCTGTTGACGAGCCTACGCTCATCCAGGGTGAGCAGCAGGAATAATCACGTCTTAACAAAAATGGAAGCACAGTTACAGCCGTTGGGGTGTGTAGTTCGAGGTACGGCCCCTTAGGCCACAGTGGACTGGGACGCGGAGATTCTCGTGTATAACCGACCGCGTTGTATTACGATACATCCGCTTATCCGGGCCACGAGTCGTCGTGGAACTCCTAGCGTTTCGACACGTTAGTTCGGTGCCAGTAGGATTTGCACATAGGATTTCCGCCCACCCTTTTTGAGCCGTGGGGTCATCATACCAATCCGCTTACCGTGGAATCGTGAGACATTAACCGACATATGAGTTAAGGTCGCGCTAACCGGACCAGCAGCGCATTAAGAGATTGGCTTAGGCATTATGCCTTGAACGAAAGCACTTCAGTTGATGAACGATTGTTAAAGATCACCGGCCCGACAAATTTGCGCGTCTGTAACTCATGGGCAGCCACCTTTATACGGCCGCAACGAAACGTCCACCTGAAGCCAAGGCGTGTGCGAAACAGTTCTGCGCCGCGTGACGCCCCCCAGTACCCGCGGAGTGGGGGGCATCTTCGGGTAGTGGGCCAAGCGTGGGACTAGGATGGGTATTACCTAGCAGGGGGTTCTATCATGCCGCGCATACCTATAGCCTTGTTACGGGCTAAGCTAGTTACGAGGCGAGTTAGATGAGTGAGCTTTAGAAAAGCTTTTCTAGCTCTATGGCGAATTGATCCCGCGACGCCATATGATGCAAGGGGAGGAAACCCCGCTACTGGGTTTTTTTTCTGACTCGGGTCTGCCCTTAAAACTGGTCAAACCTACGGCACCAGCTGAGCAGTAACCATATCCGTTTACCAGGCAATAAGGTTCCAGTTTCTGTGAATATCTAGTTGATGACTCACGCCAAGATATTCTA,TAGGATTGACATGCACGATTCTTGGTTACGTGCTGGTTGACTGACACTAACCGATGAAACCTGGTACTCTGGATAATTACATTAGGGGGGCTTGACCCTGTATTCAATCTTGTACACCCGCGTACCATATTTCAGCGTTGGTACACGAATTGGTCGACTTCGCCTTTGTGGAATGTCGTACAGGAGCCCTAGAGCACCACGATCCTTTCCGTGTTTACAAACAGACAGGACATTTATGTATGGGATATGCTCCGCGGTATGTGTCCATAAATGTGGGATCCGGAAACCTGGATAACGTACAAAGATGAACGCACTGCAAGATGTACACGTACAACGCTGAAAATCATCGCCATCGATCCCGAGACGCCCTACACTTGAATTCTAAAATCTGCTGAGCCTCTTTTCTTTTTCTGCCTTCCAAACCGAGAGTCCACCAACGTCCGGCGTGCGTAAGCTATGGTCTCGATGATTCGAGCTTGCAATCCCTTATCTCCAATTGCCCCGAATGCCTTAGTAATGGTCCCCACAGTTATGCTAGACGTCACAACTCTTGACGTTATGAGAAGCTATAGGTCTCGGTCCAGGTGACAGGCCTTTCCATCTCTCGTAGTGTGCCCTGAAGCCGAAATACCTGAGAGAGGGGAGATCGGACGGACTCTACGAGGGAGTTAATCGAGCAAACGACTGCCAGTCGTCTTAGAAACCGCCTTAAGAAAGTGCTCAAAGATGAGCAAGTATGTGCGCTACGGATGCCTTGCGCAAGGTCAAGCGAGTCCTCGTTCGCGGGTTGAGTCCTTCGATAGTCCGCTTTGATTCGCGTCAGCGCCGCGCGAGTGTTTGCCAGTTTTTTCAGTCCTGTAGGGAGGTCGAGTCACCTGAAAAGGTCTGCACTGGTACGAAGATTTATGGAAGAGAAACATATCACCACTATGGGAGGAAGATGCCAGCAAACTATATCTCATACCATCGTGCATTATGGGAGCTAAACAAAGTGTCTCTC,TCGCCTCCGTCGCTCTCTTCCACAGCTGTATGCCAGAACAGGGGCGTATTTATGAAACATCAATTGCTCTATGGTGAGTTGAAAAGTTTTCACGGGCCTGCTATCTTTTAGCTTGGGAATACCACGAGACGTGTCTCATGGGTAGCCTCGTGTACTTAAATTCATTGAAGCGCTTTCGACCCTTGAGGGATCTTAGCGTGTCAGTTGTTACGTCTAACTTCCCCCAATACAATATTGCGAAGAGTTTGTAATCTTCGTGTTGTACTAATTGTTTTGTCTATAGCCTGGCGATGCTACGTTTTACGTTTAGTAGTCGTCGCGAACGAGCTGTCGCGTGCTAGCCCAACCGACAAATAGTATGTAACCATAATACGAGGTCCCGCAATGTAAACAGTTCCGCGGGTGTCGACTGATCAAGAATCGCCGTCGACATCGACACCATGCGCTTAGCCTTAATGATTCGAACTTCAACGCCGTCGAGAGAGGCAGCGGATATCCATTTCCCCTCTGGTACTGGATGGACCCAAACATACGGATTCTCCGTCCCGCATCTCGGACAGGAATCGACCTTTCGTTTTGCCGGCTCTCTCCCGGATCAGCGGGGGTACTAAATTTAGATGGGCTTCCCTCTGAGAAGGCGCGGCGTATCCGTGCCCCTTAAATGGCAGGCCTCGATTTACACAGTTGCTATAATTAGACCCAACTAGAGCGTCCAGAGTGCTGCGCACCCGGATCGACTCACATAAGGCGTGTGAGCATTAGGCGAGTACCTTGTGCAAAAGATGCCTAAGAACAGGGTGTAGCAGACCACGGCCACCCTCATTGTGATGCTACGCGCCGAAAATGGTCAGTATGGACATACGCACCTGAACGAGTACGTAGTGGCTGTTAAACTGGGGGGAAAGGGTGGATAACACGTCGGCTATAAAAACTCATGGAAAAGACTGGAAGATGTAAGCCCGCCACCGTACGTCTGCTCACCCATAGGAAAGATGGTAGC,GAATGATCCGGGGAGGTCTAATGAGGTTGCACTCCCGTCGCCAGGGTTACTGATCCACAGGGGAGTATCCCCCCTCTATGCCGACCGAACATTGCTGCAAAAGCTTACTTAGCTAGCTGTTTTAAAGTCGGACCAATGAATTTGGTTTGATCATTTGCCTATGAGAGCAGGGACCGTGTTCACACCACAAGTTCCTTTCAGTGAACCATATTACCCAGTTTTGTTATCACGAAGGCCGGCTCCGGGCGACGATACCACGATGTTTATTCGTACGCGAACGTGCTTTCAAGATCATTGTGAAGAACTACTCTTAAGTTCAAATTTGTCACTTCATGTAAGAAGGTCGAAATCCTCACTAGGACGATAGCGGGGGTATCCTGACTTCAGTTTGGATCGTATGTGCTGCGTGCGGTGCGCTGCTACTAGGGAGCCGCGATCTCATGAGGAGTACGTTTATGTATAGCCCATATAACGTATATAGTTACAGGTGACGAAAGCACGATATCACAACTGACAATTGACTGTATCCGACTATACCGAGGCTTTATCTGGTCGGCATAATCGCCAGCCCCTGAGAACCGAGTGCAATTTAGCAAAAATTAGTTCTGAAGATCATCCTTATTGGCTCACTGATCCCGCGTGACGAGTATGGACCCGCTGATTTCTACGAGGTCTATAGTATGCAATGCAGGGAGTGCAGGTACCCCAATCCCACTAAGGATACTACGGGCCTAGCTCCAAGGAGCTTGGGTTGCTTGTTACCAAACCAGCTCCGCTAGCTACAATTTGCAAGGCCCTGGCTAGATCGTAGTTATCGGTCACGGTGGGGGGCATGAGGCTGATAAAGTTCTCTTATTGTTAGGCTGCCCGAGCCAGAGGGTCACGTCAGTACCGTGTAATACTCCATTCACACACACAAAATTTTCCCAATAGTAGAGGATCAGATGTCTCGCATGGACCGAGATGGCGGAAGAGACCCCGTTGTTAACGTTCGGCTGAA,CCAGCTAGGTTAATGAGGGTTCGCGGTAACACTCAAAGTTATGCACTTCTACACCTCGCAAGCGGCACCACAACGACTAGCCAGCATATTATCTGACGGTCGGGCTATCCGAGGTTTTGTAAGACCCCAGAATGCAATTAAGCGCGAAGACAAGACCAACTCGAGGGTCAGATTTGCCGAAAAGGGTCTAGGAGGCGTTATGCTCCAGATGTACATACGATAGACTGTAACTTCAGGTATACGTTAAACGCTATAAGCGGGTTAAGTCACCAGTATTTCGTGTTAGGTATCAGGGGATGGAGACAGTGGGGCATACGTGCACGAGTTGGACCCCTGGCTGAATGCACAGAAACCCCAAAGCCGCGCTTTTCCACCCTCGCTTAAATAACTTAAAGCCCCGCACCACAAAGAATTTGGGTAGCGCCTTCGTCGACACAATAGACGGTTAGGAAACAAGCCATGACGATGTTAACTTGAGAAGTACCTTACTAAGGTAGGAATCTGGTAGGCGCCGCAGTTAGGTCGGGCTCGGAATTTTAGACCCAGCCTCAAGCAAGACGACAGACATATTAGTGCACTACGGACGTCTTCGGCTGCCGATTGGTGAACTAAGGCAATAATGGCGCGTTTCGGGGTCCCTAAGACGGACCTCGAGCGCTCTCAATAGTGGGCTAAATTTGCGGGCATGTGTTCGCGTACACATCCTTCGAATGGATATTTGTAGCTATTTGGCGTATCTCTTTCTGATTGGAAGTTCGTCAAACGGCCAGTATAGGCTTACGAGGAACTCGATCATCATCGAATGCGAGGCCGTCGTGTGCTGCCTACTGGCATTGAGGGTCGGACAGTCCGGACCGGCATTTTTCCCTTGCAGGCTGTTAGGCCGCGCTCGCAAGCCCAGACCTAGTAAGCTCAACTCCAAATTCAGGTAGCAAGCTCCTCGTATTATGAGAAAGGGGGAGGGAAGGAACGTCGTGCAGCGGGACGTCCCCTCCTTTCG,CAATTTATCGGTAGAAGTACCCTCACGCGATCTCTGCATGAGGAGGGGGGGGATCATTTTTCGTCAGGGACTAGGCCCACAGCCCCCATGTACGACGAGCTTCCTGTACAATGTCCCGACGATCCCCCTCCATCGCATCCGAAGCTCCGCCCTATTATAGGGTCTACTTCACTCCACCACGGTATAAGGCCGCGTGACGTGCGGAAAGGTGTCTACACGCTAGGCGACCCCTGGCAGGATGGACCATTGCATGGTTCCGCTTCCTAATCTGCGTGCCTAAAAACAAGTAATCATTACGAGGAATGCCGGCAAGAATTGCCGCCATCGTAGGGTCTTCCAAGTGCGCTTCTACCAAGTATCTTCACTAGGTTCGCTACGGTTGTAGAACTGCTCACCTTCTTGTTAGGATTCCCATCCACAGAACATTGGGAGGCCTCTTGTCCGACCAGGCCGGAGAATCTGGTACTACCGGGGGAATAACCACGGATGGGTGTAGTTTGGACTGAGCGCCAAGAGGCTCATAGCCATACTGTGCTTGTATAATCCTCACTAAAAACTTTGTACGTTGCTTCACGTCATTTGGACTTTTCCGGGCGAGAGATTGAGCCGATGTGGACCCTTTCTAATGAAAGTGCCAATCTGCCGGACGGACGACGACCAAGTACAGTCATAGCTCCAATCCGCATATACGAAGTTCAAGATGGTGCTCTACCGGGATCATTGCCACCTTTGTTCCCACGCGGGAAGTCCTCGTATAGGTGCTTTGTCTCGGTCCCTGCGCGGTAGGGGGCTGAGCGCCCGGCACTCGCCACGGCGACCGGAGCAACCCAAAAAACGGAAAATTTATAAGTGAGAAGTCTGATCGAGATACTTATAGCCTGCTCTAAGCTATAGTCGTATCATTGAAAGTTAGAATAGCTAATAGTCGTCACCACAAGTTATTAAATATCGGCTTCGAGCACTGCTGAGCTTCGCATAAACGTGCCCCTCCCACAATGGT,TATTTAAGTCTCAATTTAGGTTGATAGCACCATTGCAGACTAAAATCACAGTAAGGGTGCGATACTACTCTGAAAGGCGATTTGGAACCTCTCGCAAGTGGTCTGATCCTAGCCCTCGGTTGAGCCCAACCATTTTAGTATCAATTTTTGCGAGTCCGCTATGTACTTATTTGGACGAGACCCAGAATGTGTTAAAAAACCACAGACCTAAGAAAAGTCCTGCTCGTAGTACGGTTGCAATGACGACTAGCGGTCACCAGTACTGCTTCCGTGTTAACTCCCAGGAAGTGTTGTAAAAGAATGTCCCGGATTTATGCCGGCCTGGTTTAGTTTTTGACTGATCGGTCGAACCGCAGCCAGGCGGTATTAATCCCGTGTGCTACGCACTAGCTCTCGAGCGGAGGTTCTCAGGCAGGCGATATAGGTCATTTATCGAATACTCAGCCGCCAACCGGGTCGTGCAAACCACTAAATCTAAATGCAAACGTGTGGGATCTTAACCTGAAGCTTCAATGTGTATGCGGTCTCGACTTTCGGAGAGCTACGGACCCGAAAGTGGGTTACCAGTTTGCAGACATAAGTTGGGGACGCATTGCGCTATACGCATACCTTCCCTTGTAACTAAAAGACCGTCCAGATTCCCCAATGATCCGAATAGCCTAATAATGTGTACGAATCGGCCAAAGTCTGGCCAAATTTAGATTATGGGTGTCCTGTTTCTCAATGCCATTGGCCATCCCCCATGTTGCTCCGGGTGTCCTGTGCACCCGCAGTCTTAGACACCTACGATGACTTTTTAACTTAGTGTTAACACGCGATCCAAGCAAGGTGATGGGTGTCGTATCCGGCTTTCCTGAGGCTTGTACGCCGCACGGGATACCAGCGCGCATTCCTCGTGATCTGATGGTGGCCGAGGTATTAACGGCCTCGCTGGAGGTCTATCCTACATGGACACGAATGGTATTTAAGGTCTTGGTTAATGGCAACGAGACTGCTCCAG,CAGGCAGGTCTCCAAGTATCCTTGATTAGCAATGGCCGGTCAGTACAACCTTGTTCCCTGCATGTGCGAAGTATTTGGCATCGACAGGTACCGCGAGACAAAGGTTAAGGGGCCCAAAAGGCTTGCTGACGTTTTTCCGCTAGTCCAACAATGAACGCGCAGGAGAAAGACCGGCGGGCCATCCCTCTCAAACTGTTTGGGAAATTAATTGAGGCTAGTCGGGTATTGATGCCAGTATAATGATTGGTAAGTACGAGACGTTCCTAGTATAAATGGAAAAAGCGAGCGGTCGCATCGTGTGTCCACTAGAGCTATCACTTATAGTAGCATCCCAGGCAAATTTATATGGCCGCGTCCACAAATCAGTTGCAGTACTTTGCGGGTAGGAATGCAGTATCGTCGTATTCGCGCTACACATAGTCCATCTAGTAATTATTCACCCGGGTAAGAGCAATCGTAGAGCGACATTCTTTGGAGTCCCACGGACAGGGTCATGTTGATATACAACAGATATCTATCGCAGCCACGCTATCCGCCTTTACGATTGTGCCCTTACTACGACAATATACCGAAAAAAAGGAATCATCTCCCATAGGTTTTCGCTGGGTCTTTCGAATGCCTTTGGGGACTAGGTCCATCTTCGCGCGCGCGTCAATAAATAGATAAATAGTTATGTGTAAGTACTATTGAAACTGCTCTCAGACACTTCAGCGATTTACCTGCCGTTAGCGTATTTGCCGTGTCGGTAAGACACAGCGTATTGTACCTTACACCGGCCCCATACCAAACGATAAGGAGCATCACAATCCATGACTTTTAAGCAAACGGCGCGATTTTCCCATGAGGGCAATCACTCATCCCAAGGTTGTCATGTGGGAATCCGCTTTGTAACATCTTTATCGGTTACTAATCACATAGCCGCCAGCCCACACGTGCTCTAGTGTTGAGCTAGCTCCTTCGAAGTAAACCGCATTGTGATTAATTCTACAACGGAACTGAT,TAGCATACAAGACTAGTCATAAGAGCTGCCTCTCTCTAGTCCAGGCTGTTAAGACTTTTAAGGTTGAGGCTTCGGATCAGTTTCACGTCAGACAGACGTTGCTCCGCGGAACTAACCCTTTTCCTCAAGCCCCGCACACGCGGTCCTCCGGTAACTAAAATCATCGATGACACCACCCAATACAAATGCAAATAAAGCTAAGTAACGACCTTTGGAACACTTGCCGACCGATCGACGTAACGACGGTCGTCTCAGACACGTTGGCATAGCTAGTTTTTTGCCGCGTTGGTCAAACTCGACATTTGCCTTTTTATATGAGGGGCAATCGCATTTACCGTCTTGGAAGCAGGGTTGGGAATCCGCCTGACTAGTTCTTACGAACCTTAAGACCGGTATTCATTCGGGACAGGTCAGTCAGTGTTTTTCGATTAATCTTGAGTGCGTCGCACCGGATATGTGTCTACGGTGTAGGGCATGTGTTTACCATCTATGCCAGGTTTAAGCCTCGTAGGACTGGAAGTATTCCGTCGTAGGAAACTTGGTCCCCGCGGTCCGTTTTGTACCCGCGAGGAGCCCTTATGGGATCATATCGTGGCACAAACTCAGCACTATAGCCAGCCTAGAGTCCTAAAAATACAACGGAGCAATTAGGTATCTATAAACCAAGAATTTCGTGGGAGATTATCTGGTTAGGTCTGCTGGCCGACCGACGGCAAAAGGGAGGGAGACTTCATATGCTGAAAGCGACTCGGCGTATATTTGCCCCGATACGGGCCAATAACCGGTGCTTTATGTCAAAAATCTTTACCAAGTTCTTCGTTGATCGGTAGTTTGAGAACGAATGGAATTCCAATTGGATCCGATACAACGGGTAAGAGTTGTAGAGTGCAGTAATATCCCGAGCCGGGGGTCCAGTACGCATCGTGCGATTTCTTCAGGCCGAACAGTGTCTTCTCAAAGTGCGCCCCTTTAATTACTCCATGATCTGACACATCCCGTG,TTGGAATATCTGGCGGCCGAATTTCGCCGGACGCTGAGGTTTTTCGATCCAATCGGCTGTAATTCACCATCTAAACACGCGTGTATCAGGTAGCATCCCGAACGCGTCGCCCTGGCGGGAAGACAATGTCTTGCATAAGGCCCCTTGATGAAACCTATGGCGACGGGGTAAGTCTCGAGCGTGTTCAGATACCTCAGTCTCAACGTCCCTACGTAGATGGGACTAACGAAGTGAACATCTCTCGACACGGCGTTCGTTCCAAGGAAGCTTTTCACGTGCTCGGATGAATACAGACCTTTACCTCACGCCAGGCCTGCTATAGATTACTGTTTATACGGCTGACTTCTACAAAGGTTCGCGATCGAAAGGATTCCACTTCGTACTGTCTGATAGTAATTCACGAGAGATCGCGCCGTCCGGGGCCTATCGCTTCTAAAATCCGCTATCACTCTGCTGCTAAATGTATGGATATTTGAGCCTGTATAGGATCAGTCTGTCTCCGTTCAGGGTATGAGAGAATATGACTAGGAGCGGTTTATATACCTTTAACTTATGGAAAACTGATCTCCTCGACGTAAACGGCACGAAGTCTTACAATTCGGAGCCGAAGGAATCTTTCGGGCGACCTACCGCTCCCACAACCTATCTAAACAAAGGTAGACGAGGATTTTACGTGAATCGGGCTTGTTACTAATCCACCTTGCATGAACTTATTGACAAAGGACCGCTGGCCGAGGGGGTTGCCCCCGGTCTAACTTACGTTCATTGGGCAAGCATGGGAAATGAGGATAGTTTCTAAAGGTTGCGCAAAAACTCCACTTTCTGGGAGCCAATGGCGGTACGGCAAGTCCGGAACCTGCACCTCTCCAACCGTGTGTCCGTGCCTCAATCTGTCCTGGCCGCTGGATCAGCCTAAAGTGATTTCCTCCACCGGGTGAAATCTAACATTGTATTCTATAAGTATGGATACAGGGAAGATTATTCTCGTTCTAGAATGGTG,GGAGATGAAGCGTTTGCTATGGTTAGGGAGGAATACGCACACCCACAACAGATCTCACCATCCCTTGAACGGCATAAACGTGAGAGCATACCTGCTAATGGTCTTATGCGAAGACAATGAGGTTTCTAGAAACCTGCCTGTGCTCCAGAGACTATCGCTATGAGACCCGTAGAAAGCAAATCTTCCGATCCACTTACTATGCAGTAACGATCAAAAATTCGGGTCGCGGCGCACTGAGAAGCCTACTCCCATAGTTTAAGTTCGGTCGCAAGTGATTACCCTCCTCATTGGCGGATATGGTTTTCGAGGACCGTGTACCAGCACGTGCGTTATGTTCGTGAATAATAACGGTGGACGTCCACAACGGAATTGCAGACCAGTTTTGATTCCAAGAACGCCTGCAGGGAGGTTGTCATAGCCGTTAGGAGCTACCTATACCACCGTCCTCAAATTGACTAGCTGGTACAGCTTGCCCCACTAAACATCCGAAATTGTCATTGACGGCATGAGGGAGCTCAAGTTCCGATCCACAACCCCGAACGCTAAGGCATCTCGCAGTAAAAAGCAATGCACTTTTGAGGTAGATTATGGAACGATGAATGTGCTATCCATGTAGATAGGATACACAACCTTAGAATTCCGCTACAAACCGCACGCTCTGTTCCTTGAACTGCGCGGAGTATCTCATTAGGGTGCGGGGACTGAGGACCGCTGTGGAAAGGGGGTGTAACTTACGGAGCCAAACGGGACCAACCGCCATAGATGTAACCCGGTGATCCACGTTCTGCAACTCGGTCGAGCTTCGCTAACCTACCATAGCTACAAGCTTCCTTACGTCCTGAGAACAAATTGTGTAAACTAGTACCTACGGACCTCTAAGTCCAATTTGCATAGCTTTCTCCATTCCTATAACAATTCGCGTCCTATAGCCGTTGGCTAACCGCAGAAAAAAATTGGGACTAACATGTATCCATTATCTTCATCCCCAAGCCCGACATGA,TAATAGACGTCTCGTTCTGGTCAGCGGACAGAACCACTGAATGACGGCGTCGCAGTGCAGCGACCAAGGCCAGACTCATCCAGCTACTTTGAGTGATAGGGCCCTTGTGCACCTAAGTACTTACCTCTATTACGGACGGGTGTGCCACAGACCTATTATCGCATTCCTGATTTTTCACGGGTGACCAATTATGGGATATCCAACCGCATAAGCATGATTTACCGTTTTGGTGGCGATGACTCCCGCTCGAGAGACCACGCCTCAACTAACTATGGCAGCAATGGATATCTGCCGGATTTCCGAAATGTGACTGGTAGCCCCCGAGATGTATTTACCACACACACGTTAGTTGCTGCCCGGGGATCACGAACTGACCGACAGGCGACCAGCTCGACGGACAGCTTCCGGACGGCAAAGCTTCCAGGGAACCTGTCGACCTGAGGCTAGTGTTATGCAGCGCTCTCACTAGACAATGCTGCGCGGACTAATTGTCCAGGCGATTTCTGCGTGGGCAAGGTATGGTGCATGAACTGACATTATACTGAACAGAGAGGTATGATCAACCAGTACGTGTTAGGAAGCTTACTTTTGCTGACCGTGCATAGACTTCGCTACCGAACAGCCACTTTAGGAGACAGTACCTCCGAGATCCCGAAAGACGAGGACCAGGTTTGCTCGGTGTAACCGGGCTCGCCGAGTAAGGCAGTACAGGGACCCGGGCCTGTTTTAAGGTGAGGCGCTGAGTGGTATAGAACACTTAGATCCTCGGCAAACTGAGTGAAAATGTCCTGCGATGTAACAATCGGTCGGACAATCTGACCCCATCTTCCGCGAGTCTCGACGTGGTGGATTTAGACTCGTTCTCGAGCCACCTTATTAAGAACACAGCGTGGCATGATTTCCTGGCGCAGTTACCGCACGACATTAGCCGCCTGGGTGTCATAGAAACAGAATGGCACCGGCGCACTTTCTGGCTGCGAATGCTTTACAGTTAGTGTGA,ATGGCACACCAGGGATGCCCGGGACCCCGTTTTATTGGCTTCCATGTACGAACCTTCTGGTCCTGATCGTCTGCAGCAAGAAATCGGACGCGCGTCCGTAGATGGCTCGCAGGGGTTCGACACCCTTAGGTTTTAGTAGGCTATTAACTCCGCGAAGACAAGATCTGTGGACGAAGCCTACACATCTAACACAAATGATAGCCCAGTGTTAGAGCGGTGGGTACTTCGCAAGGGCCGGAGATTAGAAAATCCTCCACACAGTACAGGAAGTTGACACTGGTTGTTAACCTGAACACTCACATGGCCTTAGCCTGCAATATCATGAATTCGAGGACGCGGTAACCACCAGTCACCTAAGAGCTCTTGCATCATGATCTTCGAGCAGGCAACCTGGGGACCCCGTTTTAGCCCCATGGGCGTTAACATGGGAATGGAGAATCGAGGGGTGGGCACGGTCCGCGATCGGTCTCACTGAAAAAACTCAGCCGGTGCTGAGAATCAGTTGGCGAAACTAAGAACCAACGCCACTCTTATAGTGCGTAAACCTCCGGGCCTTTGGTGGTACTCTAGAGAGATCCGTTTTTTCCTTATCAATGATTCCCCTCGTCGAAGCTATTTATCACCCACCGTGTCACCATTGGTGTTGCAAGTTTTGCTGGCAGGATTGCTAGTCACCCAATAACCCTCGTCAGGACCTGCAAGCGCCCATTGGACTCTGGTTCTAATACAAAGTTCATGCTGAGGAGTTCCGGGAGACGTTAAATATCGAGGGGCGCAATCTTGCAAGTTCAGGATTCCGCTAGTAGAATATGTGTTGTGAATTTCAATGTCCATGGGGTCCATCGACACTGCGGAGAGGCGAATGAGGCATAATCTGTCGGGCAGATAATATATAACCGGGAGGGGGGTTAGGCGGGAAATTCCCTCTAGGAGCACATGTGCTTCCGGCGAGACTACGGCTGACACAGTGGGGCAGGCCGAGGTGTTAATAGTACAGGGA,TAGTAAGCAGGCTAACTGAATAATATTATATTTCGTACTAGCCTGCAATCTCAGCTGCTGTCCAAGGACTGCGACAAGGGAGTACGGTTTACAAGAATAGAACGTAAAAAAGCCGACTTACGTTGACTGTGCATGGGGTCGTACAATCCGAAAATCTTCCCCTTTCTGGCTCTGGAACAAGTAGATATCCTTCAAGTTTGTGAAACTAAATGGAGTAAGAGAGACATGGTCTATGACAATCTACTAATTGTATAAGCAATAGGGTTGACAACCGGAGAACAGTGCTAGCGGGTGCATTGAGGGTCGGAATATAGCCAAGTAGCTGGGACGTCCCATTACGAACTCTCAGTAGAGAGGCGCCGGACGAGATGACTTCTTATAGGCGCGTTGGATGCTGTGGTTGTCTATGTTGATCATGATGATACGAAGGCTCTTATAGGGAACCTATGGATCACCACAAGACCAAAGTCTATTTGAGATCCTTCCGGGACTGTAAATTAGCCGGCAACGAATACAGGGCCCTGCGGAGGACGTCTCTTCTCCTCTATAATCTCCCCTTAAGCTGTTTATGACCCCTAGTAATCCTAACATACGATCAAGTCTTTTTGCTGGCACAACTCGCTTGACGCGAGTGAGGGAAACTACTAGACAACTAATGCGAATTTTGAGCGAGAGTAAATTTAGTAGAACTAGGCACCAGATATAGAGTGGGGTGACCGGAAGGCCAATTCTTCGGAACCCCGCCAGGGAGCTCGGTTCAACAGCTACCTAGGACTACGAAGGCAGCGATTCGTACTAAGACGTATTTAGCTTTACAGGCCACGAGAACAGTTGACGTGCTTCGCTGGCTCTCAGGCATACGCTAGGCTGTATCCAGTATAAAGACCGTGAGCTTGCTACCGACGCTACCGTACGCGCAACCAAGATCAGGGGCAGCAACTAACGTCGACGTCGGGTCTACACGGCACGAAGTCACCCGTCACAGGCGTCTAACGCCGGA,CTTCGAAGTAACCGTCTTTCGCGACCCCTCATACATTAGTCCTAGGAACAGTACAAAAACAACTGAGCGACGAGGGGCTTCCAGGAACAGCCAGGCGGACCTAGTATGTCCCCGCACCTCAATTCCTCTACTGACGGCGAAGCATTTGAAATGTTACCGTCGTAGTCGACCAGCGTGCTCTCCCATCTCATGTGGTCCGTAAAATGCATGTAACACCCGGAACCTTTTCATTCTCAGGCAAGACAAGTTACGGACGTTACGGCTGTTGTTCATCGTACCAGAACATCGAGAATTTATGACTCAGTGTAGCTAACCAACCTGTCTAGTAAATATCCCGCACCCGATCCTTTTGGCGAGCCCAAAATACCGATGCGGGAATGATACGAACGGCGCATGGCGGACGGCACCATTGGGAGATTGAAGCTATTAAGTAAACCTGATTCGCCAATCCCCAGGATTGTAACATTCAGTGGTCAGTAATGACAGCCAGCGAGGGGAAAGAGAGGCCGAAGATGGTCTAATCATTCTGAAGGCCTCTCTGTGTCTTGAGTACATCAAATATATCGTAGACAAGTATTTGATATATCGTAGTGATTATTGGTGTCAGGAACCAACAGTCTATTGGCCCCGCGATCCGTCAAATGGGTCGCCCTCCCGCCGCTATGGGATCGTATGCATTCAAACTCTGGATTTTATTTGTTTGACGTGATAGGGTCACACAACTCTGTGGTGCGCTCTGTTAGAGTGATGAGGGGTGGTCGCTTGCAGTGAACCACCAACATTTACAGAGCAAAATAGCAGAGCGAGTTTGCATTTAGACCCCTCGTCTGTTGTACTCCATGTAGTTTCCCAATCGTTACGTATAGATCTGGAACCCCTCCATCCGCTTCAATTTGTCTTCATTTGCACTCAGCCCTGCGACTAAGGTCATGGGTACGCCCTTTAAGAACATCCGAAGAAGACTTAAGTGATTCAGGCTCCTAGACTGTCTGTATGTAGT,CATATGATTTGGTCCTGGCCTTCTCTAAAGGGGGGGTAGAAACGCTGGACTTTTGATCCCCCAGTAGCTGTAAAGATAATGGAATCGGTTCCACTTTCGGACTCAAATGTACCAATTCACTATGATTCTATACGTAGACGTTTGGGGTGCCCGTCAACGTGAGGACAGAAATCGGTCCAAACTGGGCTTCACATCCGTAGGGGCCTTAGATAGCGCTAGGTGTTTAGGGATCTGCAGACTGAGGACGCACTTATGAACCGACGTTCATCGCTGTATCGACGATTTATGGATTGAGCCCAGAGCTCATCAGCGGCCTGAAGAGGTCTCTATTAGTTATCCATAAGTTTTCAGAGGGCGTTGAGACACTACTGTACCGAGTGATCGGTCCTGATAGTCAAGGTCTTAATAGTAGCATGATCACTAACTAGCGTCGGTGAGAACTCGCCAATTAGGCACCGCTTAGGCTTCGTTGCCCCGCAGCGCAAGATCTCTCCAGACCCGTAAAAGACTTGTCACAACGACTAAGAATATAAGGGCCTGTTGATGGGACCGCTCTATACCCCCTACACTCCGGCGAACGGAGTGGTTCGTGGTTCAGCAATAGTGACGCATCTCATCGAAAAAAAAGCCGTTCAGTAATTACACGAGGCTCCACATGGGCTGCTCCTAGTCAGACATACTTCATAAGAACGTTGTCAATGCCCTCTAGTACTCCCACCCACGGTCTCTGATGGTACTGCAAGCCACAGCCAAAGTGTACTGGCTTAAAGCGGGTGTACAAGAGGACGGAAACTGAGAACTTGACAGTCGTCGTGCAGCAATATCCGTAGTCATATACGTCACTGTGTGCCTGCCTGACATTATGAGGGCGGTATTAGTGGTAATTATAGGGTCTCTAGGGCGACCTTAGAACAGTTTTATCAGGGGCAGACTTCCGCGACCAAAGAACCACCACTGACTGACTATTTCTTCCAGTCAGGTTAAGCCCCTCGCAACTATG,TCATCACGGTCTTCTGAATAAACTGCAACCTGAAGCGGTTGTTAAAAAGAGGATAGGCAAGAGTACCAGGGTGAGACCTACACTACGTTATGTCCTTTCGCCACTAAGGCAGGCAGCACTGCGTGGAAAATTAATCTATTGAAATGACGTTGCAAGAGAATAGCGGGGGCTGGCGCGATTCGTACCGGATTCTGGAAAGCTACATGACGTCTATACTTCACTTCCGCACTGCGCACTGGGACGCCAAGATGCTGAACCAACACCTTAGAGCCGGACTCAGGCTGTTTATCCTCCGTTATCATACACCTGACAACTCTGTCTGACTTGGGTATTCATAAAAACCTCCCGGGTATAGGGCTCCTCCCAGCTCAGTTCCGAAAGGAATAGGCAGACGATGGATGCGCATTTTCTGCGTCGGGAAGGGACTCTCCCCAGACGTCGAACGCTAATCATGCCTGACTGCAGGAATGGACCAACCTACACTGGGGTGCATACCGGGCTGATTGATCACGTCGCTGAGCGTAATTGCTACCAACTGTGTCCAAACTATCTAGCCGGTGTAATAGGCAGATTCGTAGGTTGTGAGATTATCATGGCCTATTCGGATTAGGCCTAGTCTGTGGATAAACGGTAGAATGTGCAAATTCCCTTTTGAGAGGGTAGACTCCGGGTGGTAGAAGCAAATATGCCTGCAGCTGAGCTCTATCATCCTAGAAATCGGTACACCGGTTCCGTGCTAAATAAGGGCCGTCATAATGTCAGCCTTTTAACGTAGAATATTTTCTCATTCGAGGCTGATGCCCGGGTAAAGAGTCAATTGCTACATTCTACGCGCGTCGGTTGGCAGCCTCGTACCCGGGTTATTGCACGCGCTGCCATAACCCTGCATCTACGAGTGACGGATTATCTGTCTCAGTGGTTGAGGTTCTCGCGGCCTCTATTAGAAACCGTGTTAATACTATCACGTTCTCCGTCTCTACTGATGACTTGTTAATAGGTC,CGAGAGGAGATGCGGAACCGTCTTTCAGGGCGTTGAGAAGTATTTTTCCTAAAGCGAGACCGGTGGCAACCACCTCGCGGCACAACAAGATGAGAACGCTCGGGGACGCACGGAGAGGAGGAGCCTCCGACCACACTCGAGTCAAATCTCCCCACTCACTACGTATTCTGAGCCGCTAGTATATCCACATGGTTGGGGAAAGTCATATTTTGGATGGAAGCCGGTTGCGACACAACTTGGCTCGACGTCACAAAACCGTGCGGCATCTTAGCCTATAAATCAAACGTCGCACATTAGACCACGCGCCGCAAGAACTAGTAACGTCGTGGATAGTTAAGAGACCCCTCTCTACTGTATAGGGGTCAACCAACCACTATCAATGGTCGGTCTATTTGAAGAATCGTATTGAAGGATCTGTTGTATAGGGGCGGAAGAAGTGCAGTAACACCAAAGCCCTCGCGATGGCGTGGAGTGCCTGTGTCACGAAATATGGGAGCTGTTTTATAAGTTACAAGTACCGTGTCGCACACTCTCCCATGAGGGACTCCACGATGGATCGTTCATGTGCGAACTCCATCATGCTTCGATAATGTTACCCCGGGGGCGAGTGGGAGTCACCGGAGTCGGTGACTTGCAGGTGGGCGCGGGACACAATGAAAATCCGTTTCGAAGGCAGCCAGTACCGGGAGCATTCCGCTTAAAGACGGATTAAGCTTGGTGGATCTTAGAAAACTCAACCGGGACTGCCTCATAGGACCTGAATGACCGGTAGAATTGGACGGAGGAACCATATGGCCCTGATTTGTGTTCGACAGTAGTTCCCTGTAGATCACCCCCAACAATCGTTACGTCCTGTTGATGGCTTCATCGGGTCGACGGAGGCGTGCTTCCATACCGTGCAGTTAAACCACTACGATCTGTGCGACAGGCCATAGAACGGACTCATCTCGGTTGTCAACTGTACGCAGCAGGCTGTTTCGCCATACGAATGTATAGTGTT,AGCGTTGGACTGCGAGCTAGGCTCCTGCCACACAAAGAGTTTGAATAATTCTTCGACGGCGGGCGTAGATCTGGCTTTCCCGCGACCTAGCGGGCACGCCTTCGGGAGTTATGTGGTGTTCATAGTGATGAAATGTGGCTGAGCATGGACTACACTGGCTGACGCTTCGTCATAACTTATGGTCCTACCCGAACTCGACATAACAATCCAACCCGAAGACGCACTTTAACGACCAGTTGCGACTACCGGGAACTATGTTAGCGGAGGAGACCGAAACGCTTCTACGGAGATAGAGAACCAGCGAGCGTTTGGCATTGAGTGGTGGATCCCAGATGTGCAGTCGTAACGGCCAGCAGTTAATTTGGTCGTCGCCACCTTTAGGCTAAGCTTTGCCGGCGGTCTGAGTGTTCTCTTGATGGAAACTATACAGTCCGTTCCAATATCCACTCGGAATCCATAGACCGCGATATCCGAGTCTAAGGAAATGACCGGTTATTCCCGAACAACCGAGACGCGCGGCTTACGTAATTGACTGCACAATCACGTCTACGCGCCGAAATGACAGCAATCCTCGGAAACTGCTTTACGCTCAGTGTATAGCATCAATAGTACTACAAACGACAATCTCCGACCCACGTCACGCTTGATCAGTATGCGGCTCGTAGCCTACCCTTAGTTTTGAGATAGCGTGTTCGTTGTGTTTTGTGTAAAAAGTCCACTTGCGCAACCCGTCTTTCCGCTTCCCGTGAGTTGTTACTTTCAACGGTCTGGCCGTACGCAAGAAACACTGAAAATGGGTTGAGGTTCCGCGTTAGGAAGTATTGCATGAGGGCGCGCAGAACAACTCGCAGGCGTGTCTTGGGAAGCTAATTTGATGCTCAACAATGTGACTGGATAGGCCGCACAAACGCCCCCGGATCAAAGATCCTGACACGCGGTCTCTCACCTGTATTGAGATATAGCATGCTACTATCCTGACCGTGAGTAAACTTCGCATAAG,TCAGAAAATCCCTCATCACTTGGTCCTAATAGCTCGCCGGTAGGTAAATAGAATCTACTAAATGGTAAAACTATAATCGAGCATACGACGTGACAGAAACTTGCGACCTACGCTCGTAGCCACGGGCCCGGTGAATAATCACCCTCCACCCAGGTGCAAATGGGACCCTAGGGTGTAACGTCATTGGCTGTTACCACGTAGGGTAGGGTGTAGAGGATTTGGCTTCCTATAGCTGCGAAATGACAACTAGACTGCGTACCTCGAATGAGCCAGGTCGCAGTAATATGAGTCTTAAGTTTCCACACGTCGTGTTGATCACCCTGATTATAGTGCTTAACACCTAGCCCTTATAAACCTCACTCGCCTTGCTTATCTTTGCGACCAACTCCCTTTAAGGCTCTGAATTGTTGCACGGATTACGGTCCATCAGAGGTAGGTTTCATACGAGTTGCCCCGGCTTAGCTAATTCGCCGTCACCATTACCATTTGTATAGTGGACGGTGCCTCCAGACAATATTGCCCTAACTTTATTAAACATATTTTGTGAGGGCAGTCAGGCGGACCGGAGTCCAATTTATTCGACTATTTTGGCACAGGAGTAGTAATTTAAGGGCCCCGGTACTGTGGTGATATATACAGGCATCCTCTCTCTACTTTAACTGCTACATGCTGAGCATATCTTAGTCCGATACTCTGATACTGGGACCACATTCAGGCGTTTGAGGCAGGTGGGGCTATGGGTGGGTATACGAGCTTAGTGATGCTCCAATGTCGTCTAAACATCACACAGAAAGCTAGATACGTTCTATCCATCAGCCAAGGCTCGTCCCCGTTTTCTTAGGGTGGCTAAGGCGACCCGGTATCGCTCACCGGCAGTACCATCCGGGCGGCCCATTGATGTGTCGAAATTATGTAGCCGACGGGCTAACGGCCTTAGCCTTACGTAACACCCAGATACTTTTAGAGCAACACGACCCAGCGTTTAGTGAGGTAACCAGGG,CGACCTATTGATGTGAAACGGCGTCTGGCTTACGGTGACTATGGTTTGTGTACGCGAGTCCCTTGCCAGTACGCAGATTGGGCGTGGAGTTCCGCCTATCATTACCGGTTGTTCGAGAGGCGGCTCGATAGGGAGCCGTGGCGGCCGGTAGTAAAATGACATGATGGATTCATTCGCAGTACCATGCTGTTCCTATTAGTGGCCGTAGATCGCAGTCCCACTCGGGCTATCAACGTAGGGACCGTGCTCAGTGAGAGCCCATCCTGCCCCCTAGCGCGAGTACTCTGTTCTTTTGTAGTAGCGGATCTCAGCGTGATAACAGCGCCATCGCAGCATTATCCCTTGTCGGGTTTGAGACGCCCATTGTAATCGTGAGCCTGTTACAGCAATACATGAAGAGCAAGGAAAAGATAGTGTGCGATCGCCACCCCCCGATTAGTCCTATTTATCAGATATGCTACCGGTTTTAGCGTGTGTAGTATCAAGAGACGTCTGTTCGGCAGAACGGCCGTCTAATCATGACAGGATGCGAGCGTCCAACAAGAGTAGATGAGCGTAGCCGAACCCGCTCGCTGATCTCGATTCAAGGACGATCCCTCCAAACCGGGTAGGGAACTGGCAATGCACATCTGGTTACGATAAAACAATCCGAGGCGTCCTCGGTCGTCAGTGCGATCAGCGGGATTTGACGAAACATTACTACGGCTCTAGGTATACGAAAATGTGATGTGCATATAGCGGTGGTCTTCTATCGGAGTTGATAGCGGCGAGTAGATTGGGCATTGCTTCCTAAGCCGCTTAGAAAAGATAAACGCTTGTTCACATGAATGCGAACATACGTTCACTCTTTCTCCTCGATGTTGTGCCAAAAAATAGATGTAAGTACCTTAGATCGAGATGAATCGAACGGGAGTCTCTACTTTCCGAGTAAAGGCAGTTCGCCCGCCCAATGGGTCATTGCCCCATCACTACGAGTCTTATTGGGCTCCACGAACGATTA,AGACCTCTGGTAAGAGTGCGCAATCAAGCCTCGGCCCTTCCTGGGCCATCTACAGTCGTGAGAATCTCACGATACAACACTGTGCCTCACTTGAGATGACGGACACTGTTTGAAAAGAGCGCATTACAACCTCCGTATGCAATTCTCGGTCGGAGCACATGTTTTCAATCGTAGCTAAAGAGTCCTCTGAAAAGGGCACATTGTTGGTACGTCCAAGAACGAGTCCATATCCTCGCAACCCCAGGCGCATCCATACAGTCCTACCGATAACTAAACCCCGTACGTGTTTCCGAAATGCCATGTCTTTCTCTTTCGTACCAATAGTCCTTCGCCTAGAAATGCATTACGGAGTCTGGCCTCCAATTTCTTCGCATTATACGGACAATATTCACGTCTAAAACACCATCATATGTACTGGTCTGTGTCCTTCGTGTGAAAATCAGCCAGGCAACCCTCATGACGAGGAATTCCTATGTCTTTTAGCCGCAATTTAGGCATGTCGCTAATCTAAGATCTTGCCCATGTAGGGTAGTTCTGTAATGAAAATAGTTGGGTCATCCAAGGTTAGCCATTCGCTAAGACACCTCCTCCAGACAGTAGGTCGGAACGTCCCGCTTCTGTGAGACCCAAACTCAAGTGCTAAGATGGTAACCTGACTGACGTGCTACAAAGACTCTTTCTCCTTAGAGAGTATGTATGCGTCCGCTGTTATCACCTACTGATTGTATGGCCCCTCATACGGCCGCACTCTCCTAGTGCAGACGTGCGAAGCACAAATACCCTCTCAATAGACCCTCATGGATCGCAGGCTCTGGGTGAGGTGACCCATTTTGCATCAGGGTGGATAATGTCCTTAGGCCAGTCAACGCTAGAGGGGCAGCGTTACAGGTTAAGCATAGTCCAAAGGAGGCGCGGGATAGATTCCTCGGGGGTGTATCGGGAGCTACACTTGACCTCCCTCGGGCCTCCTGAGTACAAGTCTGTCAGTGTCCCTCTTATA,2981870b-9452-46bd-aa6f-7ebc248e1b51,M,ACATTGACCATCCCCAAAGTCATCGTTTTGAAGTCGTCCCATTGCTCGGGATCGACCCTAACCTTTGTGGCTGTAGGTTAGTCCTCAAGAATTACTGTCAGTGGGGAGGGACGCTAGCCTTGCATTCCTTAAAAAGCATATCGATCTAACGCGCATATGCACATCGCCAAGCTAGTCACTCAGGAGGAGGTAGTACCAGCAAGATGTAAAATTGATGTCTTTAGTCAAGCATTGAGTAGTCGTATGGCCTAAGGGGCTTCGTCTGGCCAACGGCTTTCTTTTGCTGTTTGAGTTAGCCTGGCGTAGCCGGTAAATTGACACTAGGCCTGGACTCGCTCGCAGGGCCCCCTTGTTAGAATGCAAGGCCTGTATCCCCTCTGCGGCGCCAGTCGTTCACAGGCTCGCGAAGCTGTGAAGGGGTCGAACCGATTGGATAATTACGTCACGGCAACATGATGATATTTGCGGCGGGTGCCAACGCGAATGGGCCGAATTCTAAATCTCAAGATTATCTCTCACGGAAGCAGAAAGATCTGGTGTTTTCGCGGCGCCACTTGAGGAACTCCGGCAAGTTTTCTTCAAATGTGCGCCGAGTGAGGCCCGACGTAGGACGGAAAAGGCTACATCAAGACTACTAGACCATCCCCGAGGGATGCCTTACAACGTTTACAGACGTTTGAGCGGACGGTTAGGTGTCGTCTACGAGAGAGTTGTACACGTACATGCCCCCCAAATTCTCAAAAATGCCGATTAGTCTTTACGACAGGGGTTTTCTATTACTTATGGCACCGCGTTGGAGTGGATTGCGATCCGGAACCCTACGCAGCCCTTAAATCCTAGAACAACTTTGATCAAGACCTCCCATGTTCAAATTTTTTTTCAACCGTTTCTTCCTAACCCTAGGTATGAAAACAGTCAACAGGCCCCTTGAGACCCTCGGCTTTAGAGGGGATCCGCGTAGGTATCCCCTTTGTATGTACGTAAGAGAGGCGATGAGACA,TACGAAACCATCAGCGAGGGCTCGTTTAACCCCTGCCCGACTGGTTTCGAATGATTCTGCGTCAACCTACCAGAGACGGTAGTTAGGCCTCGGCCAAGAGACGCTTTACCAGAACAGTGCCACACAGATCATTGGACCACACCTACAGTATCCCCGGGTTCTATTGAAAGCAACGTCTCCGTAACTGATTATTGTTCATGTGTCACCGTGAAGGATTCTAGATTCATGACAATCGGAAGTTCTAAGTAGCTATGCAAGTATACTTTAGCGCGGGACTTTTTAATACAATGTCTACCAAACCCGGACAGTGAGCCCGTAAGCGATTATAAAGGTAAGGCGAGTGCACGGGTCCGCTAACAGTAGCAGTAACAACCGATAGAGCATCACTGCATCTGATCACCCGTCCTACACGATAAGTGTTTGGTGCCCGACACACTACAGGGTTTTTATGGGACTCTGTAATTTAGTTTCGGGCGACGTTGAATTTAGGGAGATGCGGACGTAGCGGTCAAAGGTTGGGGAGCACATAGGGAAGAGGGGATCGGTTTTAACGACGCGTGGACGTGAGTCGTGCTACGTCCGGTCGATAAGTGCGTTCCTGTCTATGTGAATTTGGTACCCCGCCGCGGGGAGTGGTGTTCGAAGCCCCGTAACAAAAATTCCTCTAGCCATATCTCGAGTCCTACGTAATGTGGGAGATGCCCCCGGAGTCTCAGTGGCGGCCTATTTGCTTGTGAGTGCCGTAGTGTGGAAGCGTTAGATCCCGTCTCTCTCCCGGGTCGGCTTTTATAGGCATGGCTAAATGACCTGGTCCGCGCTAGTAAGGCCCTTACCGAGGAGCTGTCTCCAACAGCTCCTTAGGAAAGGCCCGCCTCACGTAAGTTGCGCCAACCGGACTAGGCCCGACCCTGAGACACTGATTAGCCGGCATGGAAAATTATTCACCCAAGAAGACCTCGAGGACCGAGTAAGATCCGCAAAACCACATTACAAACGGGGA,AGGGATCATGATGTCGCTTCACAAGGCCAGTGTCCTATTTCCGGGGTCCACTCTGTAAAGTAAGTATCGGACCTTTGAGGACTAACAGGTTATAAGAGCGTGTTTAGTCAACGGATGCGAATCCACGCGCACCCAGAGAATCGTGCAGCGGGGTGACAGTAAGCTCGGAGATGTAGATGCCTCGGAAAGATATACATCGCTCAAACAACTTTAGCACCCGTTTCGAGATATCGCCAGGGTTGCATACAGTCTATGGCCAGGATGCATCCCGAAAGCCTTTTGGATTTCGACCTTCGTAGTCAGACATAAGGTAATTTGGTTTACAATGAACCCAGGTCAGTTATTGGACATTGTGGCCGGGTAACAAAGCCTAGCGTATGTATTAATGTGGCCTCAGGGTTAATCAGACGGTTGTCGGGCTCGACGCGTGGTTAAACACGAATTGTAAGCGAACTTGCCCCTATATGGTGGTGCACACCCCGTTGTCATCGAGAATCCTCAGAGCTATCCTAGCGCTAGTTAGCGCAAATATACTTGTCTTTCCTACCGGCTAGCACACCGTACGCATTATGTACCACTACCACGAAGGCAGTTCTACAAGTCCCGGACTTGAGCACACTGGGAGCTGGCCCACACGTCCCTGTTCAATATGTCCTGTCACAACGATTCTGATAAAATATACTATGCAACCTTAAGTATTTTATATCGCATCACCTAAGCGCTGAGAATTGCGTCGAATCACTTCACTCCACGCGTCGATCTACTGGGGGAGCGCTGAACCTTAATAGTCGTGGCTACTGCTTTCTCTGAACTGCGCAAATACCTAGGGCCGTATAGATCCATGACATAGGGGTTTGTCACCATAGCACGTAGATCCGACGCTAAAGCGACTTTGGTCAAACCTACGGCACCAGCTGAGCAGTAACCATATCCGTTTACCAGGCAATAAGGTTCCAGTTTCTGTGAATATCTAGTTGATGACTCACGCCAAGATATTCTA,CAGCAGTCACCTAGTACCGACGCTCCATCGCAATGAAATTCGTAGATTCCGCCCGGACTCCACTTTGCGGCGTGGATGTGCCAATAAAGTCAGATAAGGAAGCTTTTCTATGAGAAGAGACCCCAACGTCCACCTGCATGAAACTGTAGACTTGTCAGAGACAACAAACCAAACTCAACCGAAAGATTGGGTTCGTTATTGCCGTTTATCAATACTTTATAAGCGCTCCCCTTTTGCGTAAAGTGCTCAATCTAGGGTCAAGAAGGATCAATAGTCACTTGGAGCGCCTGTTTATGTCACAGGTACAATACATTCACTCTACACTCGAGGATAAAAATTCCTCACGACTTCCATGCTCTGAAGGCTTCCCACCTTATACTTAGTACCGTGATCCCACCTGCCACGGCCAATGCCACTCACCAGCGTAGACCACGTGTAATCCTGCGAGGTATCTGCTCATCGTCCACCTTATGTCCTAGTTGATGAAATCTCGAAATGCTGCGGATAAAGCACTCCGCAAGCATTTGAGTGACGACCCGGGGGCTTTAGGTGGCCTGCTGTACGTAGGCAACAGACCTAGTTTACACTATACCCATTCCGCGTTTTTGTACCGCAGGAAGAACTTAACACTCGGAGTTAATCGTGTCGTGGGGCTGTGCGGTTGTAGGTATAAGGTCGGAAGAGATGACAATTGTGCCGTGGTCGGTACTGGGTGGGTTGTCAAAGCTACCGCGACGACACTTCACATGGAGTCAGAGAACTAGTGATTGGTTCACTGCTGAAAGATCCGGGTCCCGACTCGAAAAGGCGGTTCGACACAGTCAACCGTAATCAGCCTTCTTCCGGGAGGATGCGGCAGTATAATCATGCGTATTTGAGCAGTTCACTGCGCTGTTGTTTGATCTGCTAATTATGCTTGATATGGGAAACGGCTTCTGCTGGCGAATCGAACTATATCTCATACCATCGTGCATTATGGGAGCTAAACAAAGTGTCTCTC,GCAGATCCTGCTAGTCGGCGTCATTTTGTGCGCGCAGGCGAATTCCTAATCACTCGTCTCTGTGTGAGCCAGTACTCATTGTGTTGGACCGAGCATCCGCGATGACGTCGCACCGTCATGACAACTCCTCAGCCATTGTCAGGGATAATTTGGTCTAACCGTCGTTCCAATGCAATTATCCGCCATCCTTTCTACACGGACGATCATTGGAATAATAGACAGTCGACCATAAGAGGTTTTGATCGCGACGGGCGATGTGCGAATTGATAGGGGGGATGTACGGACTCATATGTTACATAAACCTGATCAGTCTATCGCTCGTAATACGGAGGGGTCAAGGGTCTACCTGCTCGGGAGGCATGGGTTCTTTCGAGCACCACGCCCCCTCAATTAGGTTGGTCATTTTGGTTATCTAATAACGCCCATGCGTTGTCAGCAGAAACACAGCGGCCATAGATAATGGAGGTCTTTTACGGTGGCGGGACTGCACGACCGTGTCATAGTTGTTCTTTACCCCTCAATCTCTCGGACATGTCTCGCGGATGGAGACGTCCTACTAGCCAAGACTCCTTTATTTAGTTAACGGCTCGCCTAGCTTTATATCTTCCGATAAAACTCTCCCGTGAGTACCGGGTGTGCCACTCTCTTCACCTATAAGCCATGTGCGGCGTTACAAACAGGCGTAAGGGACTCTTTGTCCTGATACCAATCGCAGCCTTACAGAGACGACACCCCACTGGGCCCGTATGCCTTGCTTGCTCCTACCAGCTGTTCGGTTCAAGATGCCTAAGAACAGGGTGTAGCAGACCACGGCCACCCTCATTGTGATGCTACGCGCCGAAAATGGTCAGTATGGACATACGCACCTGAACGAGTACGTAGTGGCTGTTAAACTGGGGGGAAAGGGTGGATAACACGTCGGCTATAAAAACTCATGGAAAAGACTGGAAGATGTAAGCCCGCCACCGTACGTCTGCTCACCCATAGGAAAGATGGTAGC,ACGATAGGTTAGGAAGCTTCTCGTACAGGTGTGTATGGAATGAATTAAGAGAGGCGTAAGGGCAGCGTTGAGGTGATGGCCCCAGGGAGTAAGGTCCGAAACGATAGTTATAAGCAGCCCACATTTCTGGACACGTTATTAGTTAGGTTATAATAGTTTAAGTCGTGAGGGACTTGTCTGTCAAATAATACTCGGTATTCACGCCATAGATTAGCCGAGAGCATAACCTAAGACTACGGCTCCGGGCGACGATACCACGATGTTTATTCGTACGCGAACGTGCTTTCAAGATCATTGTGAAGAACTACTCTTAAGTTCAAATTTGTCACTTCATGTAAGAAGGTCGAAATCCTCACTAGGACGATAGCGGGGGTATCCTGACTTCAGTTTGGATCGTATGTGCTGCGTGCGGTGCGCTGCTACTAGGGAGCCGCGATCTCATGAGGAGTACGTTTATGTATAGCCCATATAACGTATATAGTTACAGGTGACGAAAGCACGATATCACAACTGACAATTGACTGTATCCGACTATACCGAGGCTTTATCTGGTCGGCATAATCGCCAGCCCCTGAGAACCGAGTGCAATTTAGCAAAAATTAGTTCTGAAGATCATCCTTATTGGCTCACTGATCCCGCGTGACGAGTATGGACCCGCTGATTTCTACGAGGTCTATAGTATGCAATGCAGGGAGTGCAGGTACCCCAATCCCACTAAGGATACTACGGGCCTAGCTCCAAGGAGCTTGGGTTGCTTGTTACCAAACCAGCTCCGCTAGCTACAATTTGCAAGGCCCTGGCTAGATCGTAGTTATCGGTCACGGTGGGGGGCATGAGGCTGATAAAGTTCTCTTATTGTTAGGCTGCCCGAGCCAGAGGGTCACGTCAGTACCGTGTAATACTCCATTCACACACACAAAATTTTCCCAATAGTAGAGGATCAGATGTCTCGCATGGACCGAGATGGCGGAAGAGACCCCGTTGTTAACGTTCGGCTGAA,TCAGAACAGGCCCCACAGAAATTGATATTGCGAGGCAATCCGCCATGGAACTGCCCGGTGTGTGATTGATCCTTTTGAGCACCACAAATATCTTACGATCCCGTTCTATTTTGTTCGTTGCCCATTGCAAGCCAGGTCCTTATTCTTGGTACATGGATCTGGGAGGGCAAGGAGCGGGTTTGTAACTACGGCGCATAGTTCGGATCTATCCTGTCCGTTTGGAGGCCCGTCATACCGCAATCACTAAAGTAGGGCTGAACCAACAGTATATCAGGTAAATAGTTCCCAGAACATATCCTCAGCCCCAGAGCTTAGGGGCATCTACCTCATAAGGCGACGAGACTGCTCGCGATTGGGTCATACGGCTATCAACCCATCGCTTAAATAACTTAAAGCCCCGCACCACAAAGAATTTGGGTAGCGCCTTCGTCGACACAATAGACGGTTAGGAAACAAGCCATGACGATGTTAACTTGAGAAGTACCTTACTAAGGTAGGAATCTGGTAGGCGCCGCAGTTAGGTCGGGCTCGGAATTTTAGACCCAGCCTCAAGCAAGACGACAGACATATTAGTGCACTACGGACGTCTTCGGCTGCCGATTGGTGAACTAAGGCAATAATGGCGCGTTTCGGGGTCCCTAAGACGGACCTCGAGCGCTCTCAATAGTGGGCTAAATTTGCGGGCATGTGTTCGCGTACACATCCTTCGAATGGATATTTGTAGCTATTTGGCGTATCTCTTTCTGATTGGAAGTTCGTCAAACGGCCAGTATAGGCTTACGAGGAACTCGATCATCATCGAATGCGAGGCCGTCGTGTGCTGCCTACTGGCATTGAGGGTCGGACAGTCCGGACCGGCATTTTTCCCTTGCAGGCTGTTAGGCCGCGCTCGCAAGCCCAGACCTAGTAAGCTCAACTCCAAATTCAGGTAGCAAGCTCCTCGTATTATGAGAAAGGGGGAGGGAAGGAACGTCGTGCAGCGGGACGTCCCCTCCTTTCG,CTGGACAGGTGTCTAGGACTCCGATGATACTCGAGAGGTCTACAACAATGTAGCCGCCGTGAGCCCACTAGTCCAGTAACGTAGCCTTCCTAAATCATTTGCACGACCACCTACACGCGCGATTCCGTAGTCATCTATATATCCAGTACTGGCACGCGCCAGTATATGGATTCCGATAGTCTTCGTAGGCCGGTGTCATGATCCGCAAGCTCCTATTGACTTCTAACAATACGAAAGCGACTTTTCCAAGTCAAGGGTCGTGAAGAGACTCACTATAGACAGACATGACTTCTAGGTCAAGCGAACTCCGGACGAACCAGACCGGCAGTCTAGCATACCCCACTCTATTGGCTCTAATCGTCCGCTTGCCGTAACGGGTTTATATTCTCGTCTATTTTAATGAACCTTGCGCCCCATCCAACGCACCCGTCAGTTTTCTCTTGGTCTCTGAGTTGTGGATAAGTACGTAGTACCCCTGTGACATAAATACCGTTCATCAGCTCTAGCAACGGCTTCCCAGCTCCATTCCCAAGTCTTCTGCCATGTCCGTCTGAGCGGGATCCAGCAGCTCTTCACGAAGCCTCGCATGCACCACGTCATACTTGGGTGAAAGCACAGCTTGCATTCCTTCCGTATACGCACTCATATCAAATTACGTGGGATTTTACGCCATGCAATGTTGCTGATTTAACTGCGACCCTCGGGTATAGTGAGGCACATGGGCATCGTCATGTTCATATTTTCAGGAAAAATTTCAAATAAAGACTCATGCCAAACGGGCGACGGGGCTCTACATTGCCATACTTATTGCGTGTTTATAGTCTCCTACAACGATCCGTAGCATTACCGATCCATAGTAGCACAGTTCTCGTATCTACCGTATTAGTGCTGGTCCAATATTGGTTATTAGGGCAGTGCTTCGCAGGAGGTAAAGACGAGTCATACTCTATTCGAAAATCCACACTTGAGCTTCGCATAAACGTGCCCCTCCCACAATGGT,GGCCGTTATATGGAATGGGATTTGCCACAACCCGTGTTGTTGACGAGTGCAGCCCATCTTAGAAGTAGGGAGAGAGTTGGGTATTCTTACGACCGACAACCTTTCGAGATCCGTCTGTTGGAACGTTCGCTAGTGGAGCGTAGCACTCCGTGAATACGCCGAGTGCCAAGGGCGTGTGTAACCAACGACGAAGAAACGCTCTCTCAGCTAAATTCACGCGTTATGAAAGAATATGTTTATGAGAGGGATGTCGATAGACCAATGAACGGTCATATCCAACTACTGTAGCCACTGGGTTTTCGACGATGGTCAACTCAAACCGGGATTGCAGCTGGCATACGGTACTTATATTTGTCATTAAGTTTACTCGAGGGGATGACAAGGGAGTCACGGGACGAACTAAATCATATTGCAGAGCTGATATTGGTCCACTATCGCATAATCCGCTTCATTTGCACAGGGGTGGGCAGCAATCTTCAGACGAACGAGATGACCCGTTCGTTGTGATTGACACATTACGTCGAGCGCGGGGTTTAATTATTCCACGATACTTGGCCCTTTCTAGTACAGCTTCTCACAAATCCTAAGTATATCGGTAGTTGGTTTGGATGAGGGCCATTCTCAAAAGACCGTCCAGATTCCCCAATGATCCGAATAGCCTAATAATGTGTACGAATCGGCCAAAGTCTGGCCAAATTTAGATTATGGGTGTCCTGTTTCTCAATGCCATTGGCCATCCCCCATGTTGCTCCGGGTGTCCTGTGCACCCGCAGTCTTAGACACCTACGATGACTTTTTAACTTAGTGTTAACACGCGATCCAAGCAAGGTGATGGGTGTCGTATCCGGCTTTCCTGAGGCTTGTACGCCGCACGGGATACCAGCGCGCATTCCTCGTGATCTGATGGTGGCCGAGGTATTAACGGCCTCGCTGGAGGTCTATCCTACATGGACACGAATGGTATTTAAGGTCTTGGTTAATGGCAACGAGACTGCTCCAG,GTAGAATTCTAGTCAACTACCGCTGTTCGAGTACAGTGAGATCGTCACCGAGCCGTCTGGTGAGCAAATAGTTCTTCTCGCTGTAGACGGATTCCCGTAAACAGATGGATAAGGTGGCCTAGGTGAGAGTCGTGAGGCTTGCGTATGTACGGCAACCGGGTTCAGTAGCTCGGCGGCCCCTTGTGCCGGTAGATTAGTAGATACCCGGAACGGGCCCGCGTAGTCTGTCCGTGCACTATTTCCTAATAGTTCTGTCACCTTGTACGGTAAGGCCACCCTTTTTTCTGAAGTAAAACTTATTGCTTTGATACACAGGGGACCCCAGATGGCCTCAACTTCTGGCACGGTGAGAACTTCGTCGGTTGCTCCCTCAGGGTATTTCTTATGCAATAGTCGGGTAGGCATCTTAGCTCATCAATTCCTGAGAGTTCCCCTCGAATCAATATAAGCGAAGTGTGGAATAGTACAGCGGGTCTGCGGTCCCGGTATTGGCACCGTTCCTGCGGCTCAGTCCCCTTTATGGCGTTAGAATGGGCCCAGTGAACTACCGGCTGTCCATAGCTTTCTTCTACCCACATCAACTCTGGGACTTTTGTAAGCAATATGAGTTTCGATCTGGATACCGAACCGAGGGCTAGGCTAGTGACGTCCTACCTGCCGGCCGTGAAAGAGCCTGCTAGCTTACGATCAAGGATTCTCCACTAACGGGAATTCCCGCCATATTGGGCGACGATACCCCACCAGTATAAGACACAGCGTATTGTACCTTACACCGGCCCCATACCAAACGATAAGGAGCATCACAATCCATGACTTTTAAGCAAACGGCGCGATTTTCCCATGAGGGCAATCACTCATCCCAAGGTTGTCATGTGGGAATCCGCTTTGTAACATCTTTATCGGTTACTAATCACATAGCCGCCAGCCCACACGTGCTCTAGTGTTGAGCTAGCTCCTTCGAAGTAAACCGCATTGTGATTAATTCTACAACGGAACTGAT,CACAACGAACCCATCACGAGCAAACTTACATGTTGGAATAGTCGCACAGCTAGACTACAATTTTGGTACAACCTTGAGCTGAGCACAGTCCGATACTTACATAGTGCACTCCCCATATGGTCCCCCCTACCAAGACTATGTATATCTCGAGCGGTGTCCGACCAATCTCCTTCAGGGTTGAAAGCAGTGGCGTGTTACCATGGAAGGTCGTCCACGGTTTATGAAGGTAGACAATAATGAAACATGGAATCAGGACGCTGTGTGAACCCGGATGCACCTAGTTGCAGTTGGCTTTCAGCTATGTGGACCAGCACCATGTGGAACGAACTTAAGCGTCAAGCTTCTACCCTAGACTTATCACGTCACCCGGCACCCAGAGGTAGCCGTATGAAACGCCGGAAACTGCAAGGAGTCCCGAGTTGAGTCCTGACAGTATCACTTCCACTATATACCGGTTGGCCCTTGTCATTGCTTAATGCTTAGAGTGACAAATATCATTTGTGTTTACCGTCCTATGCGGGGCACATCAAGCAAGTGATTGATGCACTTCAGCAAGGCCTTATTTCGGGAAACTACCAAACTTTTTGGAAGTTCTTAGCGGTCGGGTGCGGAGTAGCTGCACGAGTCCTAAAAATACAACGGAGCAATTAGGTATCTATAAACCAAGAATTTCGTGGGAGATTATCTGGTTAGGTCTGCTGGCCGACCGACGGCAAAAGGGAGGGAGACTTCATATGCTGAAAGCGACTCGGCGTATATTTGCCCCGATACGGGCCAATAACCGGTGCTTTATGTCAAAAATCTTTACCAAGTTCTTCGTTGATCGGTAGTTTGAGAACGAATGGAATTCCAATTGGATCCGATACAACGGGTAAGAGTTGTAGAGTGCAGTAATATCCCGAGCCGGGGGTCCAGTACGCATCGTGCGATTTCTTCAGGCCGAACAGTGTCTTCTCAAAGTGCGCCCCTTTAATTACTCCATGATCTGACACATCCCGTG,GAATGGGACTCGGTGTACTTGCAGCACGGTTGATTATCTAGGAACTGCGTGATAGTGCTGTTTCGAAGTGCGTCTTTGCCTGACGCACCAGGTGAATAGCCTTGAGGGCAGTGTCAGCCATAGAATCGTATCCTATCACCCTGAAGTATAATTTAATTATGGCTGGAAATTCTCTTCGTCTCCATCAGATACCTCAGTCTCAACGTCCCTACGTAGATGGGACTAACGAAGTGAACATCTCTCGACACGGCGTTCGTTCCAAGGAAGCTTTTCACGTGCTCGGATGAATACAGACCTTTACCTCACGCCAGGCCTGCTATAGATTACTGTTTATACGGCTGACTTCTACAAAGGTTCGCGATCGAAAGGATTCCACTTCGTACTGTCTGATAGTAATTCACGAGAGATCGCGCCGTCCGGGGCCTATCGCTTCTAAAATCCGCTATCACTCTGCTGCTAAATGTATGGATATTTGAGCCTGTATAGGATCAGTCTGTCTCCGTTCAGGGTATGAGAGAATATGACTAGGAGCGGTTTATATACCTTTAACTTATGGAAAACTGATCTCCTCGACGTAAACGGCACGAAGTCTTACAATTCGGAGCCGAAGGAATCTTTCGGGCGACCTACCGCTCCCACAACCTATCTAAACAAAGGTAGACGAGGATTTTACGTGAATCGGGCTTGTTACTAATCCACCTTGCATGAACTTATTGACAAAGGACCGCTGGCCGAGGGGGTTGCCCCCGGTCTAACTTACGTTCATTGGGCAAGCATGGGAAATGAGGATAGTTTCTAAAGGTTGCGCAAAAACTCCACTTTCTGGGAGCCAATGGCGGTACGGCAAGTCCGGAACCTGCACCTCTCCAACCGTGTGTCCGTGCCTCAATCTGTCCTGGCCGCTGGATCAGCCTAAAGTGATTTCCTCCACCGGGTGAAATCTAACATTGTATTCTATAAGTATGGATACAGGGAAGATTATTCTCGTTCTAGAATGGTG,TTTGCGCGCCCAAAAACAGCGGGCAAGATGACACTCAACGATGTCATCATAAACTATCTGTTGCATTCTAATGATGCCCACCAGTCTCTCTGAAAGACCATTTTAGCTCAATCTACGCTTACAAAATCAGTCATGTGTTGGCGGATGTCGCCCAGTATCTAATCCATAGGGTTATACCCGCGAGTAAATGCGTAATCCGAATGCTTACCACACCGGTAGGGCCTAGAGGGCTGACGAATGTCAGTCGAGAATCGGGAAGAACAGGTACTGTCCCATTACCCTCCTCATTGGCGGATATGGTTTTCGAGGACCGTGTACCAGCACGTGCGTTATGTTCGTGAATAATAACGGTGGACGTCCACAACGGAATTGCAGACCAGTTTTGATTCCAAGAACGCCTGCAGGGAGGTTGTCATAGCCGTTAGGAGCTACCTATACCACCGTCCTCAAATTGACTAGCTGGTACAGCTTGCCCCACTAAACATCCGAAATTGTCATTGACGGCATGAGGGAGCTCAAGTTCCGATCCACAACCCCGAACGCTAAGGCATCTCGCAGTAAAAAGCAATGCACTTTTGAGGTAGATTATGGAACGATGAATGTGCTATCCATGTAGATAGGATACACAACCTTAGAATTCCGCTACAAACCGCACGCTCTGTTCCTTGAACTGCGCGGAGTATCTCATTAGGGTGCGGGGACTGAGGACCGCTGTGGAAAGGGGGTGTAACTTACGGAGCCAAACGGGACCAACCGCCATAGATGTAACCCGGTGATCCACGTTCTGCAACTCGGTCGAGCTTCGCTAACCTACCATAGCTACAAGCTTCCTTACGTCCTGAGAACAAATTGTGTAAACTAGTACCTACGGACCTCTAAGTCCAATTTGCATAGCTTTCTCCATTCCTATAACAATTCGCGTCCTATAGCCGTTGGCTAACCGCAGAAAAAAATTGGGACTAACATGTATCCATTATCTTCATCCCCAAGCCCGACATGA,TCGTTTAGCCTGCACATGATCTGTGTAACACGAGACGTCAAAAGAACTCTCCGGGTCTTCCTGTAGCGTTGTGGACATGAGACAATAGCACTTGCATGTCTATCCAGCTATGGTAGCTAACTCGTGTACAGGGTAATCCGATGCAACGTGGGTGCGTATGCTAACCACGACGTATAAAGTTTCCACGTATTGCGCAGGTGTGCTTTGATTTCTGAGTATTCTACACAGTGTCCTACTGTTAAACGTAAAAGAACGGTAACAGATTTATAAGAATCCGTAATCCATATCTGTCAAGATGCCCCGAAAGCTTCCAGAGACCAGTGCCTCACTCCTAAGTTCCTATTTGTCCCTCCTCTTTAGCAGATTAGCGCGAGTTATAAGGTCATCACACACCGATGACGTTAGCTCCACCTACAATGTAAGTCAGACCCTAGAAGATTCCGAGCCCTCTCCCTTTCGCGTACATCAGGGACCTACTCAGCGACTCTGCATGAGAGGGCGATGTGGGCTACCCCACAAGTTCCCAGGGTAAGCGGTTGGTTGCTTCAGGTCCAGAAGGGGAGTCTCTGATGCCTCTACTGCCTAAGACGGACAGTCCCAGCAAAAACGTACGTCGCTACTTTTACTTTTTACCAAAGATCACTCGGTTACCATGGTGGCGTGTGGGACTGCGCGCGGAAGTCCGTATGGGCCATTGCGCGACCAGGGGTCGTCGTCCCCCACTTTTCGGTAAGACAGCCCAGGGTTGCACTGACTGCTAGAGTCAGATGAGTATGTCATTCGTACAGGGCAGTCGTAGACACCCTATGGTCTCTTTAGCGCTCGCCGGTCCTGCTAACCTAAGTCGTGTGGGATGCACAATCAGTGGCCATTAAGACGATGTTGATTCAGGGGTACCTAAAAATCTGCATTTGCCGAGGGAGCGGGTAAAAAATCTTTTAGCGTTTGACCTCGTGGGTTGTTCTTTCGTTACGAATGTCATTGACTCAATGTTCGCTGA,CCGGCTGTAGCTAGAGTCAACCCATCGGAACCAAGCGCACCGGGACAGGGCGTATCCCTGCCACCGTTTAGCGACGTGTCGCCTGAAGGCTGAGAAATATTACTTTCCTATACCCGTAATGCGGTAGAAGATGGTAGGTCCTCTCTAGCGACTTGGGCTGCTTCGGAGGGTAAGTGGGAGAATAGATTCTAATATCGGATGGGTACGCGACACTATGCAAGCTACGGAACTTTGCATGCGGTATCTGATTCGGGGCTGACTGTCTGAGGAGGCATAGGACACACTAGCCTAGGGAGGTCCGGTGGGATACTGCCGAGGGAGGTGTCAAGAATCTCTGCTCATGGTTCTCTACTGACATTTGCAAATCAGAGGTGGTACTTACGCAAGGCATATATGAGCGCGCGCATTCTGAAATCTACGTCCAGTGGGGTTCTCCAAGATAAAGTTACAAATAAGGGGACTTGGAACCCTGGAGGAACGATGGCTTTCATGGTACATTGGGCGCGCTGTAAGGCATCATCATCTTATATTCAAGGGATACGGGCCATCTATGGCCCTAATCCACTGTCACCCACTTAATGCGGGGGATGCAGGATCCTCACTTTCAAGGATCTTTAAAAACGCCCATGTCAGCAACTAGAACATTACGTCCAAGAGCGTTATGTGTCCGGGCTGTATCCACTTAAGCAATGACCCGGTCTAGCCCCACAGTCGTTTCGACGAGGTTTAGAGGAACACATTGCTCTCGGAAGCTATACAACAAGGTACGGTCATCTGCCGATTGTGAGCACATTAGTGGGAAGGGAAAGTGATCCGGCGAGAAAACCTACCCGTCTAAACAGCTCCCACTATGGGTCGGTGTCACGGCTATTCAGCACTGATTATCCACGCCACACGTTTAATCATTATTCCAACTAGCGGATCCGCTAGGAGCACATGTGCTTCCGGCGAGACTACGGCTGACACAGTGGGGCAGGCCGAGGTGTTAATAGTACAGGGA,TAACTCGGATCAGAGTGACAGCGTTCTGAGTGCAACTGTACCAGTGGTAGGTTTGGGTGTTAGCTGGAGACCCGCTAGTTCTAATGTCTATTCGATACCATCTACAGGACCTCTTAACTCGAGGCTTAGCAGCGCCGCGGGTCAAAAGAATTAGAGGGGATGTCAAAGTCTAACCTCTGAATTCCCACAAGCACACTCCGTTCTGTAGTGGGTGTCCCATGGACTCTGTATCACTCGCAAGCCGCGAGCGTGACTGAGATTAGGGTCAGAGCCGTTCCTGGATATTAGTTCCTAGGTACATTTCCGTCGCCACTTTTCCGGACGAGTCATGTGCTATGAATATCGCTGGACACGAGCGGGTCATATTATGTACACACATAAATAGCCTAGTGATTTCGATAAAGATACTCTGACTTCATTTTTCCCAATTTTCTATCCGGCTTGTAGAATACTGGTCGCTTTAGTGACACAAGCAGTCGTGGCTGAAGTGATACCGCTAACAGCCCCGACCAGCCACGGTATGCCGATTCCTGTCCCATTTTCAAAATCGCTAAACACGGTGAGTCAATTTTGTGAGCTCATCCTGGATCCAGCGGGCTTGACCCCCCCACCTCCCTATAACTTGACGCGAGTGAGGGAAACTACTAGACAACTAATGCGAATTTTGAGCGAGAGTAAATTTAGTAGAACTAGGCACCAGATATAGAGTGGGGTGACCGGAAGGCCAATTCTTCGGAACCCCGCCAGGGAGCTCGGTTCAACAGCTACCTAGGACTACGAAGGCAGCGATTCGTACTAAGACGTATTTAGCTTTACAGGCCACGAGAACAGTTGACGTGCTTCGCTGGCTCTCAGGCATACGCTAGGCTGTATCCAGTATAAAGACCGTGAGCTTGCTACCGACGCTACCGTACGCGCAACCAAGATCAGGGGCAGCAACTAACGTCGACGTCGGGTCTACACGGCACGAAGTCACCCGTCACAGGCGTCTAACGCCGGA,TCCAATGACGCATATTCCTTCCTCTACTTCCTAACGCACCTATTTCGCTGCACGGCAGAACTATCAGTACTCAGAGTATCCGGCCGGCAGTCTCGACAAAAACTGATACTGCAAGGGAGATTCACTCGGGGTGGTCTCGATGTTACAATAATATGGGGAGCCAAGCCTTTAGAGATTACAAGCTACAGGGGAATTGAGAATATAGGGAGTGATTCATGAACATGCGAAAGTTATTTGTTACTCGTGCCTCACGATGCATGTACGGGTCTGATTGAGAGTGGATCGCAGGGCGCAATTCACTTGGAAGTGTTAAATCTAACTGTGGATTTTACCACCTATGCTGTGCGAGAAAGTTCTAGCTTAATGAAATTCATAAGTCATACAGCCCACCGAGACGACACTAGGGAAGCAAACAGATTGAAGCTATTAAGTAAACCTGATTCGCCAATCCCCAGGATTGTAACATTCAGTGGTCAGTAATGACAGCCAGCGAGGGGAAAGAGAGGCCGAAGATGGTCTAATCATTCTGAAGGCCTCTCTGTGTCTTGAGTACATCAAATATATCGTAGACAAGTATTTGATATATCGTAGTGATTATTGGTGTCAGGAACCAACAGTCTATTGGCCCCGCGATCCGTCAAATGGGTCGCCCTCCCGCCGCTATGGGATCGTATGCATTCAAACTCTGGATTTTATTTGTTTGACGTGATAGGGTCACACAACTCTGTGGTGCGCTCTGTTAGAGTGATGAGGGGTGGTCGCTTGCAGTGAACCACCAACATTTACAGAGCAAAATAGCAGAGCGAGTTTGCATTTAGACCCCTCGTCTGTTGTACTCCATGTAGTTTCCCAATCGTTACGTATAGATCTGGAACCCCTCCATCCGCTTCAATTTGTCTTCATTTGCACTCAGCCCTGCGACTAAGGTCATGGGTACGCCCTTTAAGAACATCCGAAGAAGACTTAAGTGATTCAGGCTCCTAGACTGTCTGTATGTAGT,GGTATATCTAGTCGCTGGGTACAATTACAAGGTGGCGCGTTCCATACCTATTTACTTGTCTGCATGCTCGCCAGAGTTGCTTTCTAGGGGGGACAATGCGGCTACTCAAAATCCTGCCTGCATGATCCGTCACAGAATCTAACAGAATGGAGAATCAAGCAAGAGAGAATTCTTAAGGTATGAGGAAACCACATCACTCGCATGCTTCACCAAGGTGCTCACCCCAGTGAATAGGTTCCCATCGAGCTATTTACTCCTATGAAACATGTGCTAAGGTAGACGATCGCTAAGTTATCCACAAAACGTACGCTAGTGTCAAGCGCCGTCCTCAACTGTATGAGTGAGAGGTGTCTGGCAATCGTCCCCGCGTAAGTTAATCCCAAAAGAGCATCTCAGGTGTTTGTTCTGAGCCTGGCTTCCAGCTGTTTAGTGGAAATATTAAACAACACCGATGTAGCCTGGATATAGATGCCAGTAGGATCGCTTTAGCTCGACAATGACGCTTGGTCGCAGAACGTGAGCCTAGGGAGCTCATTCACGTAGGCGATGACGCTGGAATTAGTCAATCTGGAGTCGTTCTGCACACTTTACTGCGTTACTGCGATCTTGGTAAGAAGCCGGGCGAGATCCAAGACAGCTTCGCGTGGTTTGTTCAGACTGAAGCAAAATATGAGTGTGGGAGTGGGCTCGGTGCTTTGCTGTTGCGGTTGTGGTCTCGCTCCTCTTCGGATGAACTCAGAAAACCTTAACAAGAGTGTGGTTGCACGATATCGGGCCAGACACGTGATAGTCGATCTTCAAGACCTCATGCGGACGACGCGGAGCGTGTGCTAGTGGGCTATATCCGCTACTAGAACTAAGGGGGGCAATTTCTTATTGCCTAATTATAGGGTCTCTAGGGCGACCTTAGAACAGTTTTATCAGGGGCAGACTTCCGCGACCAAAGAACCACCACTGACTGACTATTTCTTCCAGTCAGGTTAAGCCCCTCGCAACTATG,GCGCGCGACTTAACAGACGACCAGCTACAGTCAGATGTTGGTGCTTAGCCTACTCTTAAACTCAAGCCTCGTTCTGCATTATACCTAATAAGTAGGTTCCGCAGACTCTAGGACAAACCGGGGCGACGGTAGTACGGTGGCTCCCCCGACCCCTGTTGCACTGAGACGTGCATTACAGGCCTTACGTCGATAACAACATTATGATACAGGCAGGGGGATCCCCATCAGGCTGTGTTACTATAATCGCTGCAATTCTAACGTCGACCCAGGGCGACGGACAGCTAACCAAAGGAACTATGATGCGTACAATTAATACGGTGTAGGACGCACTACCGCTACCCTGACCAGGCCGCCTATCCGGAAGGCGAGATAGGCAATATAACGCGAAGAGGCAGGTGCGCACAGGCGATACGCTCCTAAGAGGATCGGCGCAGGCGTGTCTCCTATCAGGCGAGGTGAAATACATACTGGACCAACCTACACTGGGGTGCATACCGGGCTGATTGATCACGTCGCTGAGCGTAATTGCTACCAACTGTGTCCAAACTATCTAGCCGGTGTAATAGGCAGATTCGTAGGTTGTGAGATTATCATGGCCTATTCGGATTAGGCCTAGTCTGTGGATAAACGGTAGAATGTGCAAATTCCCTTTTGAGAGGGTAGACTCCGGGTGGTAGAAGCAAATATGCCTGCAGCTGAGCTCTATCATCCTAGAAATCGGTACACCGGTTCCGTGCTAAATAAGGGCCGTCATAATGTCAGCCTTTTAACGTAGAATATTTTCTCATTCGAGGCTGATGCCCGGGTAAAGAGTCAATTGCTACATTCTACGCGCGTCGGTTGGCAGCCTCGTACCCGGGTTATTGCACGCGCTGCCATAACCCTGCATCTACGAGTGACGGATTATCTGTCTCAGTGGTTGAGGTTCTCGCGGCCTCTATTAGAAACCGTGTTAATACTATCACGTTCTCCGTCTCTACTGATGACTTGTTAATAGGTC,TTACGCCAGAAGGAACTTTACTCCCTCCTATTCTTTGCGGAGGCAGAATTAAGCCAAGACGTTATCGTGAACGCCCCGTCTTAAAATGCGGTTCCCGATGTCCAGTCGGAGGAGTATCCCCAGTAGAAATTACTTTATAAACTTTCAGGGTTTTCACACCCATCGGTTAATTGGATTGGAGTTCTTATCCAAAGAAGGGATGGATCCTGCACAGTCGATGGTAGCATATTCTACCGTTTAGCTTCGCCGGTCCGAACCACCACCGCCTAGCAAATACTCATGGCCATAAGCATCGCCTGCTGTGCACACGTGTTTCCCGAACTTGTCCTCCTAACCCAACATTGCACTCTACGCAGGGTGCACTCGTATTAGACCCGATCGAGCTACCAAGCTGGGGGTTTATCGGTTAACTTTAAAGATAAATTCCATTTGGCTGTTAACATCGACAGGAGTTAACGCGACGCCAAGCGGTACAACATCCTCTCATAGGCGTATCGACTTTCTCAGCTACCAAGTACCGTGTCGCACACTCTCCCATGAGGGACTCCACGATGGATCGTTCATGTGCGAACTCCATCATGCTTCGATAATGTTACCCCGGGGGCGAGTGGGAGTCACCGGAGTCGGTGACTTGCAGGTGGGCGCGGGACACAATGAAAATCCGTTTCGAAGGCAGCCAGTACCGGGAGCATTCCGCTTAAAGACGGATTAAGCTTGGTGGATCTTAGAAAACTCAACCGGGACTGCCTCATAGGACCTGAATGACCGGTAGAATTGGACGGAGGAACCATATGGCCCTGATTTGTGTTCGACAGTAGTTCCCTGTAGATCACCCCCAACAATCGTTACGTCCTGTTGATGGCTTCATCGGGTCGACGGAGGCGTGCTTCCATACCGTGCAGTTAAACCACTACGATCTGTGCGACAGGCCATAGAACGGACTCATCTCGGTTGTCAACTGTACGCAGCAGGCTGTTTCGCCATACGAATGTATAGTGTT,ACTCGAGTCCGAGTCCGTCCAGGTACCCACCACAAAGAGTTTGAATAATTCTTCGACGGCGGGCGTAGATCTGGCTTTCCCGCGACCTAGCGGGCACGCCTTCGGGAGTTATGTGGTGTTCATAGTGATGAAATGTGGCTGAGCATGGACTACACTGGCTGACGCTTCGTCATAACTTATGGTCCTACCCGAACTCGACATAACAATCCAACCCGAAGACGCACTTTAACGACCAGTTGCGACTACCGGGAACTATGTTAGCGGAGGAGACCGAAACGCTTCTACGGAGATAGAGAACCAGCGAGCGTTTGGCATTGAGTGGTGGATCCCAGATGTGCAGTCGTAACGGCCAGCAGTTAATTTGGTCGTCGCCACCTTTAGGCTAAGCTTTGCCGGCGGTCTGAGTGTTCTCTTGATGGAAACTATACAGTCCGTTCCAATATCCACTCGGAATCCATAGACCGCGATATCCGAGTCTAAGGAAATGACCGGTTATTCCCGAACAACCGAGACGCGCGGCTTACGTAATTGACTGCACAATCACGTCTACGCGCCGAAATGACAGCAATCCTCGGAAACTGCTTTACGCTCAGTGTATAGCATCAATAGTACTACAAACGACAATCTCCGACCCACGTCACGCTTGATCAGTATGCGGCTCGTAGCCTACCCTTAGTTTTGAGATAGCGTGTTCGTTGTGTTTTGTGTAAAAAGTCCACTTGCGCAACCCGTCTTTCCGCTTCCCGTGAGTTGTTACTTTCAACGGTCTGGCCGTACGCAAGAAACACTGAAAATGGGTTGAGGTTCCGCGTTAGGAAGTATTGCATGAGGGCGCGCAGAACAACTCGCAGGCGTGTCTTGGGAAGCTAATTTGATGCTCAACAATGTGACTGGATAGGCCGCACAAACGCCCCCGGATCAAAGATCCTGACACGCGGTCTCTCACCTGTATTGAGATATAGCATGCTACTATCCTGACCGTGAGTAAACTTCGCATAAG,AGTGACCCGCTTGCAATCTCGTCTCTTCACGGCATCGTGCCAGGTAGCCAACTCACGTCCGAAAACGTACTTTCCATGTCTGCGTTTTAGCATGCTACCTAAAAGGTTGTCTGCACAGTGCGGAATCTGGCAACATAAAGCGTAAAGATTATGCTAGCAATCTTTCTCTCAGAAGACATCAAGTCCGCACGCCCTATTCGATTATTTGTTCTAGTAAAGGCGGTGCGATCAAGTGAAAGAATCTGGAGTGGGCGTATCGGTTGGATTACTAGATTTGTAGCGCACGACCGTACATACTACAAAACCCAACAAGAACCCCAAGTGACCAACTGTCTATCGAAAATGGCTCATTTTGAGCCCAGGAGTCGAGAATCATTTCTGGTTCGGTGCCCGCCCAGCCTGCAGATCCACTAGTTCAATACCCCACTTGCAATTCGATACTGATGGATACGTTTTATTAAGGTCTCACCGAGGGGCGATTTTTTCTAGGTTAACATTGACATGGTGGGCCCTGTACGGGGCGCCTCATATACGACCTCTCAGTCACCCTATGCCCGCCATGCACAGTTGGGGATCGGTTAACCGAGTGTGGGACCCCGGTGTAATTTAAGGGCCCCGGTACTGTGGTGATATATACAGGCATCCTCTCTCTACTTTAACTGCTACATGCTGAGCATATCTTAGTCCGATACTCTGATACTGGGACCACATTCAGGCGTTTGAGGCAGGTGGGGCTATGGGTGGGTATACGAGCTTAGTGATGCTCCAATGTCGTCTAAACATCACACAGAAAGCTAGATACGTTCTATCCATCAGCCAAGGCTCGTCCCCGTTTTCTTAGGGTGGCTAAGGCGACCCGGTATCGCTCACCGGCAGTACCATCCGGGCGGCCCATTGATGTGTCGAAATTATGTAGCCGACGGGCTAACGGCCTTAGCCTTACGTAACACCCAGATACTTTTAGAGCAACACGACCCAGCGTTTAGTGAGGTAACCAGGG,AGTGTCGCGCTCAATCCAACTTGCCGCGCTGCTGCGTACTCTAGTTTGTGTACGCGAGTCCCTTGCCAGTACGCAGATTGGGCGTGGAGTTCCGCCTATCATTACCGGTTGTTCGAGAGGCGGCTCGATAGGGAGCCGTGGCGGCCGGTAGTAAAATGACATGATGGATTCATTCGCAGTACCATGCTGTTCCTATTAGTGGCCGTAGATCGCAGTCCCACTCGGGCTATCAACGTAGGGACCGTGCTCAGTGAGAGCCCATCCTGCCCCCTAGCGCGAGTACTCTGTTCTTTTGTAGTAGCGGATCTCAGCGTGATAACAGCGCCATCGCAGCATTATCCCTTGTCGGGTTTGAGACGCCCATTGTAATCGTGAGCCTGTTACAGCAATACATGAAGAGCAAGGAAAAGATAGTGTGCGATCGCCACCCCCCGATTAGTCCTATTTATCAGATATGCTACCGGTTTTAGCGTGTGTAGTATCAAGAGACGTCTGTTCGGCAGAACGGCCGTCTAATCATGACAGGATGCGAGCGTCCAACAAGAGTAGATGAGCGTAGCCGAACCCGCTCGCTGATCTCGATTCAAGGACGATCCCTCCAAACCGGGTAGGGAACTGGCAATGCACATCTGGTTACGATAAAACAATCCGAGGCGTCCTCGGTCGTCAGTGCGATCAGCGGGATTTGACGAAACATTACTACGGCTCTAGGTATACGAAAATGTGATGTGCATATAGCGGTGGTCTTCTATCGGAGTTGATAGCGGCGAGTAGATTGGGCATTGCTTCCTAAGCCGCTTAGAAAAGATAAACGCTTGTTCACATGAATGCGAACATACGTTCACTCTTTCTCCTCGATGTTGTGCCAAAAAATAGATGTAAGTACCTTAGATCGAGATGAATCGAACGGGAGTCTCTACTTTCCGAGTAAAGGCAGTTCGCCCGCCCAATGGGTCATTGCCCCATCACTACGAGTCTTATTGGGCTCCACGAACGATTA,GATTATCTGGTAAGAGTGCGCAATCAAGCCTCGGCCCTTCCTGGGCCATCTACAGTCGTGAGAATCTCACGATACAACACTGTGCCTCACTTGAGATGACGGACACTGTTTGAAAAGAGCGCATTACAACCTCCGTATGCAATTCTCGGTCGGAGCACATGTTTTCAATCGTAGCTAAAGAGTCCTCTGAAAAGGGCACATTGTTGGTACGTCCAAGAACGAGTCCATATCCTCGCAACCCCAGGCGCATCCATACAGTCCTACCGATAACTAAACCCCGTACGTGTTTCCGAAATGCCATGTCTTTCTCTTTCGTACCAATAGTCCTTCGCCTAGAAATGCATTACGGAGTCTGGCCTCCAATTTCTTCGCATTATACGGACAATATTCACGTCTAAAACACCATCATATGTACTGGTCTGTGTCCTTCGTGTGAAAATCAGCCAGGCAACCCTCATGACGAGGAATTCCTATGTCTTTTAGCCGCAATTTAGGCATGTCGCTAATCTAAGATCTTGCCCATGTAGGGTAGTTCTGTAATGAAAATAGTTGGGTCATCCAAGGTTAGCCATTCGCTAAGACACCTCCTCCAGACAGTAGGTCGGAACGTCCCGCTTCTGTGAGACCCAAACTCAAGTGCTAAGATGGTAACCTGACTGACGTGCTACAAAGACTCTTTCTCCTTAGAGAGTATGTATGCGTCCGCTGTTATCACCTACTGATTGTATGGCCCCTCATACGGCCGCACTCTCCTAGTGCAGACGTGCGAAGCACAAATACCCTCTCAATAGACCCTCATGGATCGCAGGCTCTGGGTGAGGTGACCCATTTTGCATCAGGGTGGATAATGTCCTTAGGCCAGTCAACGCTAGAGGGGCAGCGTTACAGGTTAAGCATAGTCCAAAGGAGGCGCGGGATAGATTCCTCGGGGGTGTATCGGGAGCTACACTTGACCTCCCTCGGGCCTCCTGAGTACAAGTCTGTCAGTGTCCCTCTTATA
